time_ns,sec.str. C$\rm\alpha$ lcb [$\rm\AA$],sec.str. C$\rm\alpha$ rbd [$\rm\AA$],sec.str. C$\rm\alpha$ [$\rm\AA$]
1.0,0.9461397518724901,1.1883073607668986,1.1876236708450414
2.0,0.9191096413823707,1.0301705976233126,1.1694993427050717
3.0,0.9227471118723831,0.9615357091687311,1.2456480402006187
4.0,1.1208251634016002,1.3806403475871674,1.5852014632111338
5.0,0.9648093967243047,1.271143391963535,1.3265934796040755
6.0,0.9553309075443916,1.1187129783806238,1.2367816316906712
7.0,0.8912928799840384,1.318432066143562,1.1928778215964255
8.0,0.8982284981337181,1.0173564012331735,1.04446961478724
9.0,0.9351051248497417,1.3555831230865456,1.2785696353074913
10.0,0.9437963305916099,1.228970452518262,1.2133608438273402
11.0,0.8655922933697066,1.1948465210290666,1.2091514129476875
12.0,0.9778985540721453,1.2501080693306192,1.4044297137393646
13.0,1.0107895796646054,1.6072054849922341,1.526805375002368
14.0,0.9559991354032931,1.4321446883997186,1.3320887337703669
15.0,0.86179588402602,1.3797141762911627,1.3348955428540332
16.0,1.0343177581516145,1.733060201391975,1.5590533445800254
17.0,0.9616325628166089,1.477188834202966,1.4402421466664346
18.0,1.049350594015572,1.3589052875300494,1.3461760916414787
19.0,0.9958750089157483,1.5490155910520578,1.4726590720312251
20.0,0.9635160794112471,1.5610249484440215,1.4861229095383381
21.0,1.0272025761384356,1.6407694617088078,1.5764430930243882
22.0,0.8521626880313612,1.6394385510329395,1.5430202344244206
23.0,0.9758168718290043,1.3091217567870195,1.3473338426900296
24.0,0.7646226259826018,1.7733255088061188,1.5559972929780919
25.0,0.8601093459068887,1.3582030209096396,1.35621570577202
26.0,0.9382817299428239,1.2619590313870435,1.3069434050066822
27.0,0.9176988990949259,1.6611572701014328,1.5987766546043616
28.0,0.9215582143972689,1.4704604415438307,1.3967510363569864
29.0,1.0256499911178358,1.684845454980051,1.5652483923832112
30.0,0.9456784825793583,1.2867374793313153,1.269836385462398
31.0,0.9273804950971386,1.34905469190434,1.313495003170612
32.0,0.8602103861863949,1.280792164078756,1.2207271676444473
33.0,0.8743859821862631,1.1943498213566142,1.2345731724859739
34.0,0.9054303973269703,1.2319446646554582,1.2953970925037415
35.0,1.02294151686163,1.299324543374735,1.4242182652800408
36.0,0.9834479849469128,1.7666177116632853,1.6395514559802886
37.0,0.8724941814488144,1.4471596930196322,1.348292018790015
38.0,1.060343814015336,1.408054205802527,1.459590799093881
39.0,1.0711394890326917,1.2969268530647662,1.3924431081507884
40.0,0.9196163143544297,1.2909135430536538,1.2972564590579159
41.0,0.9582251385172678,1.2621530688222389,1.2946394117368822
42.0,0.9910030812603621,1.5022920436111806,1.4783329130048628
43.0,1.0647200557568814,1.403252799141307,1.3527497349195015
44.0,0.9582936629126025,1.2080195390995712,1.230089276752523
45.0,1.141571571613732,1.15467252898682,1.2294447197293628
46.0,1.0134377013215083,1.3173749509816424,1.3128127597364916
47.0,1.032434895869275,1.1376262231448218,1.156496572412032
48.0,1.0895733859594365,1.2353766019820092,1.3126012238356906
49.0,0.9494307832519957,1.1969171234630964,1.197181466154443
50.0,0.9251159801510844,1.3340986939366175,1.2644422069560632
51.0,0.9433130488321858,1.5923355747740489,1.5310836667979848
52.0,0.8706870868111098,1.4362411537146316,1.2940041688650339
53.0,1.0455441189424866,1.3551224617434483,1.4857467705413383
54.0,1.0256126630883078,1.1804016356261025,1.2672541764210308
55.0,1.0093903370565127,1.2290103038140896,1.24630913241128
56.0,0.9803893717065861,1.3015622549328614,1.2841108784947581
57.0,0.9181636310312299,1.3389516776595476,1.2532854766418906
58.0,0.9231707235743902,1.4189915400766195,1.2620919723732116
59.0,0.9494643862469112,1.3427752888267845,1.2607619822489902
60.0,0.8762639983074048,1.39269360135618,1.345907552975173
61.0,0.919642754898919,1.4196304420989787,1.326399029115281
62.0,0.9574957800234658,1.428085067098782,1.3134074419537851
63.0,1.084671577955571,1.4961405132358325,1.6943926808622345
64.0,0.9553500143218018,1.4482277931249967,1.4428364680887316
65.0,1.0349187135947724,1.369127646946685,1.4410427475925007
66.0,1.0217439975261773,1.3566326969417561,1.2750627720745145
67.0,0.9495254476802474,1.2338363692435024,1.1409074740387564
68.0,0.9459940837679871,1.2926253010635025,1.6254475447606171
69.0,0.983661743497558,1.2799542107912245,1.4456458651420896
70.0,0.8689257935380815,1.2745176319283178,1.3658368607776972
71.0,0.918360302994512,1.21803393120181,1.3237688225641655
72.0,0.9940025625805916,1.2514173771796566,1.4506677627869233
73.0,0.906986666245129,1.2641627087863974,1.6807587666516464
74.0,0.9594251711965067,1.34269244819045,1.7208149094647889
75.0,0.7931285601324117,1.2512042679994038,1.325198545106467
76.0,0.8606860055156351,1.3490126645428973,1.427263236705532
77.0,0.930030822454007,1.1946261693460143,1.2877682396381074
78.0,0.9451092973805585,1.1953583349986017,1.3485139926203522
79.0,0.9459533968111346,1.2631870067921274,1.304884715527267
80.0,0.9594188439313516,1.1657320402032758,1.445246718319775
81.0,0.840221613488369,1.342409984514105,1.4524234546182322
82.0,1.006230643424485,1.376068615011193,1.5390833599294815
83.0,1.0512782172508295,1.346056429279385,1.4727108369765864
84.0,0.9761953431775756,1.2734283838577265,1.460454784188682
85.0,0.9631426332951666,1.2797772487659995,1.2873979123944939
86.0,0.8706760726355676,1.2956467664011266,1.2906326731053726
87.0,0.8123514734920337,1.481447207472698,1.432103439100022
88.0,0.8633460980186517,1.319063097000909,1.299934408252789
89.0,0.9827781914203135,1.4185022497394146,1.3494505070165603
90.0,1.0405104768184024,1.4737595930813434,1.4346875831818062
91.0,0.9906937690820135,1.3892590484965985,1.5473249198321866
92.0,0.9573631234239364,1.3602257375011777,1.365569693181887
93.0,0.8931794389679539,1.4261521949151519,1.3354560640190956
94.0,0.91306895967906,1.3998219132136043,1.3093051769360582
95.0,0.965238818305071,1.3826531896189274,1.3104638469243017
96.0,0.8974130149149692,1.3348103669730151,1.2296341026964859
97.0,1.0474930254213544,1.489723376372409,1.5904730033926477
98.0,1.0450449278724059,1.3233989060216154,1.3860136455516205
99.0,0.9772688672682174,1.3325494785685081,1.392592459772828
100.0,0.9693098254965393,1.1874926191537094,1.3961415876707195
101.0,1.1206024301821307,1.4659887622924561,1.4596445590240734
102.0,1.189939813278375,1.3364957258893762,1.4341881483463168
103.0,1.0196182908980866,1.152046241737981,1.2974792381082918
104.0,0.9383233687401766,1.2713287457323592,1.2387872575702272
105.0,1.0898027583303518,1.4742461937371656,1.5838470296080351
106.0,1.1453386846031763,1.4324881505106184,1.6184233109342936
107.0,1.1085852186731642,1.2397171756871288,1.2676012181775227
108.0,0.8945875810391295,1.250154462246974,1.2408812692095823
109.0,1.0233299389648145,1.2629987230181794,1.1768172655458025
110.0,1.0681522510943158,1.4165957579320347,1.3144519684910176
111.0,1.1017235595546144,1.4456151881467694,1.418138508213536
112.0,0.9645358683921486,1.4852560828930859,1.3660679787831582
113.0,0.9671307356300705,1.35739297725762,1.2544780833636133
114.0,1.0360796181284346,1.2970949836165464,1.293438796095368
115.0,0.902074712970984,1.2995562656034103,1.269230459798969
116.0,1.1211783086178082,1.4709805697974236,1.6331723668105629
117.0,1.174132092845869,1.3658626273088823,1.3911270699478233
118.0,1.2196444210566166,1.2540849287578155,1.3792211641148022
119.0,1.2252026547565922,1.2731812052422289,1.3512078602273592
120.0,1.2792517702144772,1.3437273167084012,1.4956767221884992
121.0,1.5042985608175106,1.4315961441291163,1.6238744622819017
122.0,1.6714710652248574,1.3696451595579642,1.7466634503864795
123.0,1.5173519523137844,1.2032466797730392,1.4087939597118457
124.0,1.6143382890545575,1.263223438733703,1.559201880391177
125.0,1.7849734464708378,1.3516923377061925,1.6517237291657596
126.0,1.6012152380859623,1.4201067819471909,1.5627670087861538
127.0,1.0428565113871435,1.2731762560518793,1.288974778869391
128.0,1.029926011921459,1.3296812555663466,1.3669878384958367
129.0,0.9618668702357244,1.3157354433886919,1.2502081333513138
130.0,1.0336872543281592,1.4588241097568733,1.4280263450143023
131.0,0.8908093195915496,1.334967223386598,1.374933403244403
132.0,0.8529010009391189,1.4482699788772797,1.3849329439898175
133.0,0.8978757459021381,1.238105072049815,1.37761794264533
134.0,0.9307364648266188,1.280988404641257,1.4456839656278646
135.0,0.9634304964124027,1.3665827583107317,1.2950544925315495
136.0,1.0384553590904981,1.5901626850482322,1.582096718233308
137.0,1.00910280044519,1.073904117577268,1.3712317285621698
138.0,1.1628290549209692,1.0948899599626811,1.3310170580994665
139.0,0.9598707432924451,1.2286014807934278,1.3352693118329702
140.0,1.027566358017804,1.386927856512735,1.4098814667529092
141.0,0.9075597548830644,1.2806446799890865,1.37205681492855
142.0,0.9623653319373552,1.367095205370309,1.3671582595318208
143.0,1.0152758255385856,1.2895548840949542,1.3185780869746417
144.0,0.933165043286596,1.3984224206901126,1.2953724372657867
145.0,0.9033868378420422,1.1193579017459168,1.0790656920223762
146.0,1.0202120532789511,1.3042567172797699,1.2979632023677545
147.0,0.9455111888354985,1.3333046143473504,1.2450842907578337
148.0,0.9152506426415683,1.2843243964973867,1.2473829582261118
149.0,0.9801137544640904,1.2985103543197325,1.2490013026177909
150.0,0.9107587488491882,1.2488521656928822,1.4844677014592398
151.0,0.9730715411170646,1.2931365937416137,1.410812567833605
152.0,0.9338028170930605,1.330591270096903,1.448584345523784
153.0,1.0906363084948447,1.4112661716315307,1.7600211161679227
154.0,0.997454242369409,1.3193376091397482,1.2654911719442519
155.0,0.9853505752757755,1.1516630841012976,1.1128199025404393
156.0,0.8520577201236438,1.152306170933121,1.1883671306538799
157.0,1.1587428221573997,1.2334765160727645,1.2686414319178
158.0,1.0887215536503556,1.276265546659377,1.3185021658451748
159.0,1.0101383313882186,1.2686464407750984,1.3087430747251092
160.0,1.0314974488733535,1.3833626845459601,1.3307108716906213
161.0,0.9643915637587881,1.2835522724199806,1.3260734790964837
162.0,0.9314207933978367,1.1416225075348327,1.1872433021737234
163.0,0.9798302082236313,1.4447169847423635,1.3131970373028168
164.0,0.9317596200110823,1.2392159887538878,1.2391290659344247
165.0,0.9617953695986698,1.2173847818257495,1.2631429743203222
166.0,0.944759762452359,1.228262757690578,1.2219547523209497
167.0,1.0211161518045233,1.2073437827182192,1.3377790004759427
168.0,1.0418135389858612,1.4288298165435689,1.465055683812962
169.0,0.9826722503473035,1.0964277345898714,1.2569728337402446
170.0,1.1144715141125343,1.3578603730245582,1.4469342585504257
171.0,1.0015802506767986,1.316274889529509,1.3718868613048423
172.0,1.0621635737970136,1.3024058928372502,1.478189111780218
173.0,0.9963347132722411,1.3397221187685802,1.4054505595399953
174.0,0.9869751954833317,1.3154580565993563,1.3786383322277895
175.0,0.9360575566192448,1.226653700724841,1.4022091879779524
176.0,1.0233759114194503,1.304236215834727,1.4099042475838706
177.0,0.9714141734524517,1.1638564665716882,1.1217744673303682
178.0,1.1810737972829948,1.301497659289492,1.5061249036617423
179.0,1.0423349206555117,1.2693318516961682,1.510253000821333
180.0,0.9250512765027187,1.2952758818885464,1.3016774771398885
181.0,1.0763441121775406,1.204233106167537,1.3152278833147466
182.0,1.145524623272041,1.4258851588566144,1.6221303017267419
183.0,1.0913908586727514,1.281471257052702,1.4052971834541639
184.0,1.0136416920524414,1.2419248002896455,1.278199409726975
185.0,0.9824911397607999,1.2742493687639613,1.27964851424532
186.0,1.0308997994699662,1.2454735202613996,1.324141984970945
187.0,1.0579282535258303,1.2560485545933202,1.2612869854603788
188.0,1.197861530093166,1.4189023291936032,1.5329397769280164
189.0,1.0814087544988045,1.3595530161046658,1.5620290977317384
190.0,0.9756728850547343,1.3820622874786843,1.4241256332864909
191.0,1.1118934628544372,1.2272077453035128,1.3857375420480942
192.0,1.1369205784830614,1.4531525101815639,1.576354231501914
193.0,1.066945163983365,1.3557576459161564,1.4668484156546875
194.0,1.1889594344167056,1.2536609919986306,1.54045661272848
195.0,1.1198713942213783,1.3002145560196878,1.44670748334442
196.0,1.1326294525342078,1.120390063511677,1.4200776973238032
197.0,0.9956256804550707,1.232260432545853,1.414391742955876
198.0,1.205587361378115,1.0868789464923816,1.258603330363819
199.0,1.1049441502029684,1.2600489012114098,1.3484163703031877
200.0,1.050044882051831,1.1493024994572916,1.2650063290275861
201.0,1.2087546234523978,1.2131229599898918,1.4563418971388378
202.0,1.1396343242161833,1.2222699347752122,1.389720883053777
203.0,0.9598252887764165,1.2465170704958286,1.3671396693930116
204.0,1.0869265823907408,1.2658894466595156,1.5009722183233387
205.0,1.0519512478759148,1.3004279801948069,1.361050560255108
206.0,0.9918423255912028,1.2480576070362865,1.2699837156249052
207.0,0.9989214434017886,1.2238889792906222,1.2941025721402923
208.0,0.8890706918395689,1.3477942110091043,1.291151403046486
209.0,0.9435117805386355,1.2685488105559743,1.3093015749499162
210.0,1.1044949799286155,1.3514228943932398,1.4777600043159484
211.0,1.0562000693977565,1.3565176247804425,1.4203035663834644
212.0,0.9670131829989153,1.3929753334140602,1.444760188356471
213.0,1.0012311830353662,1.5151304471982745,1.3930061275614605
214.0,1.003828482188649,1.3468274652775434,1.3834819877194404
215.0,1.1636413693412917,1.2231526529856116,1.457277260004018
216.0,0.9498382697203067,1.327149763919294,1.280068255365294
217.0,1.0195558408084031,1.2010274432144137,1.3165922665995657
218.0,0.9817686302927753,1.3029809754808497,1.3334157604950825
219.0,1.0523787776713356,1.286329338935731,1.3674394718755118
220.0,0.9157041018300391,1.4046059231042984,1.4178691669928833
221.0,0.9552038619610554,1.4136104403376135,1.403700373316563
222.0,0.9110322099899513,1.3003697002289274,1.26916715016897
223.0,0.9263867006256062,1.4311801483382616,1.3683943756085224
224.0,0.9904285382823002,1.2776114065877435,1.3414504886963303
225.0,0.8828817172015782,1.5371364680761095,1.5549913008516956
226.0,1.0248545750109077,1.350751760023706,1.3770789736374305
227.0,1.1019337433975116,1.4401807982762682,1.5016358415539344
228.0,0.9409452573149183,1.3302199314621428,1.2920423798793335
229.0,0.9857967010577845,1.3546268574571743,1.3156342312808535
230.0,1.069828467536266,1.4172825307892853,1.515678109046068
231.0,1.0045467311720222,1.259493471058784,1.2430678480815467
232.0,0.924333263895843,1.1568281737035289,1.120793937564539
233.0,1.0402165357135122,1.1357520946567432,1.2192505259018689
234.0,1.0128973923633118,1.4102071934992662,1.5992269128054548
235.0,0.8976524902329251,1.3547019209306086,1.3609893798462924
236.0,0.9460585055803445,1.366817328492841,1.3880832010214388
237.0,1.1773650604779449,1.1871616293985736,1.3393002797310478
238.0,1.1681356454073637,1.1878179190119857,1.1944143433819372
239.0,1.147623605916201,1.174266811232865,1.2517467112956604
240.0,1.2113881437755496,1.2682550885650143,1.3152782052208394
241.0,1.135758168741057,1.3580546207026454,1.3063825562972027
242.0,1.0690649226441837,1.1604429182897429,1.1823939440522753
243.0,0.9661681120550716,1.383126150293242,1.3671157616592937
244.0,0.9281081444232878,1.2990943723121517,1.2274338871705681
245.0,1.0220470186661992,1.2203984661483482,1.2632514266402932
246.0,0.938751859372825,1.1414852540281504,1.180336696711328
247.0,1.0592733547323845,1.3601747630673506,1.393268005648644
248.0,0.9365869529518981,1.5379169415884466,1.5628921318811932
249.0,0.9380575786974533,1.4650627962926257,1.3370818183825308
250.0,1.0047569044342946,1.2667895433131724,1.2420589662589228
251.0,1.0063927830032102,1.3460841989562498,1.3656045229101346
252.0,1.0043041743079226,1.2408453237405324,1.223147282398077
253.0,0.9645238402551491,1.4528485250964271,1.3684515010654035
254.0,0.9801106582663028,1.3335313033456042,1.2298390938634152
255.0,1.0836903506632052,1.111561113122219,1.1665660218373728
256.0,0.9913260337856026,1.235773951918462,1.2083513233062602
257.0,0.8249279048811341,1.2369887956122423,1.1586643535013568
258.0,0.9857005898367608,1.3371556858813554,1.31429092547415
259.0,0.9302182478224776,1.302441951050905,1.213383681152489
260.0,1.022643612007551,1.232726359924475,1.1951914504538481
261.0,0.9199675126709025,1.2425620865014475,1.221987257802626
262.0,1.015802322199763,1.1054374323580407,1.1590681196322417
263.0,1.0331632059595726,1.526706999208607,1.3729506859593206
264.0,0.9556146606460617,1.392014207004377,1.5115480688320608
265.0,0.8858138003170843,1.2337725679997447,1.1626088425603551
266.0,0.9919379738671679,1.3808127576312987,1.3265865936079988
267.0,1.0810341131071057,1.2699224390201413,1.2741614213477221
268.0,0.9849759993354387,1.3076980621992913,1.2117083433199138
269.0,0.9478406942757887,1.3986110321532363,1.3773371289044263
270.0,0.8729735386067461,1.1959419966198277,1.1147460420789872
271.0,1.0578426309507896,1.190776357006089,1.2269386821888075
272.0,0.879842514171474,1.380002351546961,1.4073913684105908
273.0,1.0421376377495966,1.4563878195493236,1.42892759477392
274.0,0.9941824470465118,1.2859811775098966,1.2208004889299662
275.0,1.0607291906919436,1.2719255936382086,1.2954912066889621
276.0,0.968023706589192,1.247723755524926,1.269089690873185
277.0,0.9330606291094381,1.2963027065160917,1.29917582129939
278.0,1.1178656249493715,1.4606508521674761,1.5005395822099394
279.0,0.8970685744897422,1.2657376349496707,1.2290669268398857
280.0,0.9167061770459177,1.589344351410628,1.5436606064553928
281.0,1.0070491967823672,1.3685473877255678,1.4601009826965534
282.0,0.9796639814351901,1.1773087222908163,1.1811421450049757
283.0,1.1088597447013808,1.5618071297167107,1.5960145742143295
284.0,1.124123423221337,1.5383185562444346,1.51670403977001
285.0,1.028059177758387,1.4257750873271349,1.3862700353416693
286.0,0.9918373079742745,1.3083148439496948,1.3197185126549393
287.0,0.9311596206396325,1.3303706825798542,1.298000243393607
288.0,1.0090957528076205,1.345525929613622,1.3535024764873467
289.0,0.9637948600345507,1.2588414887151071,1.2108525958858116
290.0,1.0797572783733342,1.279489381457845,1.282310101895403
291.0,0.8953303464306867,1.326509122325576,1.2797936759522677
292.0,0.9982532543746978,1.26128695020409,1.210913191458295
293.0,0.9302698528725705,1.4692891121885474,1.3575374586196085
294.0,0.9724357304901299,1.2435993186168492,1.2434346909283722
295.0,0.9021358957292976,1.2521386712800882,1.2206728754646017
296.0,0.8590025126998541,1.3968853127548504,1.2901366219166346
297.0,0.9554535266668936,1.3686730539530263,1.3086037933405208
298.0,1.045273845322808,1.3192209103019834,1.2637006690196697
299.0,1.0058978274244108,1.3439650992795433,1.3161713649164097
300.0,0.9142337081468354,1.285874135528199,1.2637873042462882
301.0,0.9573534316503388,1.3588101073699712,1.2727362582268777
302.0,0.8080740497066005,1.3188165450669977,1.1836548084468685
303.0,1.0708345056565192,1.4243674635418373,1.3971739700340486
304.0,0.9455146722906068,1.401430952233487,1.4093260691325273
305.0,0.9328522420080378,1.2871493571729031,1.1711418289533841
306.0,0.9177934278527317,1.2964069090374108,1.2369058112148072
307.0,0.8200675781691401,1.3084975566689607,1.2392393369043566
308.0,0.9425203770012693,1.6082698003607987,1.5619930656954257
309.0,1.018452411900937,1.3144747520814892,1.382416169124727
310.0,0.9599723303561911,1.3532072120445708,1.2805398420713856
311.0,0.9436845894214646,1.229152295850126,1.2176963947892003
312.0,0.9637569088652062,1.3778595257564508,1.3610698421096652
313.0,0.8775903598989558,1.337646517367067,1.3112566095554936
314.0,0.8896755198636336,1.5412273946405761,1.3970933937938304
315.0,0.9073803701608166,1.4151915327257174,1.3400836898931914
316.0,0.8934693717686549,1.3519598353687705,1.2381786851671752
317.0,1.0791176000660105,1.417199317886083,1.358382198369331
318.0,1.0828900136807726,1.3138962774884382,1.3495543504369845
319.0,0.8676941194365407,1.3270454688955757,1.2599305094480837
320.0,0.8979573193452145,1.5887880221296502,1.4728103916227897
321.0,1.005359752278185,1.3593516238803052,1.321335584928086
322.0,0.9166523531297454,1.2984232950562453,1.2928341821756495
323.0,1.0441554019845107,1.3816777910208295,1.32586581470697
324.0,0.9341864034821312,1.3738571676915332,1.257597954176055
325.0,0.9595864047679658,1.1776223730758653,1.184966865596929
326.0,1.0594416297967715,1.1580154344492,1.2137450698887615
327.0,1.1434923119919538,1.384006533705854,1.70032279713569
328.0,1.122246352148855,1.340068782647023,1.3948752797109685
329.0,0.9670746939182483,1.2857499010703428,1.2453917631090228
330.0,0.8898081092112412,1.2410142178073997,1.3786933352700304
331.0,0.9421232317232793,1.297868430730114,1.3759891344791395
332.0,1.0305266809118736,1.3507456311106107,1.4758450501429812
333.0,0.9495319565079737,1.205314250126789,1.1995311647635611
334.0,0.932566447542312,1.2165105125319593,1.1738225211755837
335.0,0.9070144358515686,1.414753108530993,1.3792268432504686
336.0,0.9755477844029232,1.357707668179175,1.2969275225339838
337.0,0.9313977126591759,1.307073990742276,1.2478391666557336
338.0,1.0457861904285435,1.3026458315055511,1.420974881652079
339.0,0.9648291168609766,1.2217982088079675,1.269659782035522
340.0,1.02246745360299,1.1947969409659338,1.3585552770826168
341.0,0.9498592462588228,1.3830337119153726,1.3491979319297658
342.0,1.1258518324091205,1.3486742492824262,1.3634849210922084
343.0,0.9640685688118895,1.2430540285378235,1.3364530866166646
344.0,0.9346834094598125,1.2719288851800572,1.4934731204617473
345.0,1.0742402322947107,1.2864856033724772,1.559026828391012
346.0,1.0328195564145621,1.2303850800415965,1.2956502836635864
347.0,1.1124197340603919,1.274297340837637,1.5283195627313224
348.0,0.9003568784874175,1.40730006727854,1.5841586535091872
349.0,1.0386134090073595,1.1597234184186922,1.3715375830480256
350.0,0.8695119903303663,1.337878020228913,1.3979559521666811
351.0,1.0233973802098038,1.2213710464247745,1.3359901305778914
352.0,1.101268703550385,1.1976401686591278,1.3233537625756657
353.0,1.2255902200546853,1.108381438404181,1.2155895596860673
354.0,0.9065046087353821,1.1853412350059005,1.2276968431153787
355.0,0.9588642029718794,1.1703639753776824,1.1616271687549804
356.0,1.0256624982583413,1.2222755086058321,1.2774991365808464
357.0,1.0435828851587035,1.1325460432664531,1.2910289043417202
358.0,1.1145207499275305,1.1861975292119618,1.4342085422565345
359.0,0.9565002763253179,1.289185158557539,1.2939642793478539
360.0,1.0987543132983426,1.2345713708935244,1.515206386101196
361.0,0.9302519375817617,1.3321962206916238,1.3733681274744407
362.0,0.9669475374484683,1.3360475821981725,1.4421196663582125
363.0,0.8552858422304266,1.3744658636563563,1.349347325484841
364.0,1.0168367202533388,1.2605243807644886,1.3763954885675023
365.0,0.9478394758351167,1.1952064072895145,1.2341574915717404
366.0,1.1019630688260456,1.2089347731230056,1.2879237982839924
367.0,1.0909670998235,1.1227523081378945,1.1777973300197417
368.0,0.8620872585299182,1.1660449842375746,1.1355650411183342
369.0,0.9452439199890292,1.1937979221770305,1.2801472331437203
370.0,0.9267819475122222,1.1600965131050451,1.222734626151347
371.0,0.9792612925238573,1.3850439703029045,1.468465568206619
372.0,0.96933299360721,1.2103607331283015,1.2933877251239072
373.0,0.9520577676307053,1.3612495010597256,1.4271706248913012
374.0,1.0360394591595317,1.3287817427057533,1.407622347781976
375.0,0.9139710884696364,1.0089031989435262,1.1161811492355893
376.0,0.906468295250675,1.3171758303105456,1.345809811355371
377.0,0.9800750181830163,1.2083932612293842,1.465173889322706
378.0,1.0031581351535732,1.3580593090210054,1.6791383941044395
379.0,0.9467837334060357,1.1977525546043066,1.191965675693452
380.0,0.9562861017396674,1.402768935644691,1.3444947113096024
381.0,0.8980883725596321,1.2203615458429962,1.3056910728095974
382.0,0.9992825355567433,1.2992463354721944,1.3123627066134904
383.0,1.0214230764987169,1.3893771814893614,1.4084345994773817
384.0,1.1297583138219456,1.3494162090503665,1.4189773501068135
385.0,1.0105450725502314,1.2921677442120558,1.5481893771772397
386.0,1.1880476920828262,1.149773423962008,1.351557980568405
387.0,1.0667150212120171,1.40321304306883,1.5405274312227752
388.0,0.9077912462586745,1.3783163139216765,1.4683732239491434
389.0,0.9542376112317056,1.22109951047544,1.280494174147006
390.0,0.9154939693337254,1.3556401866283143,1.446395598747023
391.0,1.033204247940257,1.3921777030704126,1.582236067862886
392.0,0.9384627289524028,1.2744809637772463,1.4560206221067764
393.0,1.054957637649805,1.4220823045786748,1.4184802297679597
394.0,1.1405737490625272,1.1681962531986447,1.472472918302583
395.0,0.9100994396108318,1.2306259186288218,1.4620716245247314
396.0,1.0477909619397712,1.1586105818143517,1.2964294070619686
397.0,0.9610787015170544,1.178677342779097,1.3956496122990707
398.0,0.9580027727168512,1.2960783025515863,1.364353292306985
399.0,1.066281920495507,1.2011226753095685,1.3684304159734988
400.0,0.9889851635129383,1.2584404190062417,1.3063970547975914
401.0,0.9488480810891518,1.1779171858118251,1.194156381115418
402.0,0.8874435516333823,1.261468759545869,1.3380372561935128
403.0,0.9097055709631365,1.1751250986142399,1.2380318981149943
404.0,0.9238624749596596,1.4231698997492395,1.3738318417263453
405.0,0.9631644620531952,1.2507513529709886,1.3109866349622359
406.0,1.1001063026546627,1.2459578061248922,1.3995218660038498
407.0,0.9524134409803066,1.3649472817733392,1.6039202557548962
408.0,0.90238505876344,1.3277086879247673,1.3135217741920564
409.0,0.9711153985847988,1.4836398986520585,1.3818701525313264
410.0,0.9828307904268817,1.330456840232106,1.3442361953811799
411.0,0.948161162652478,1.2721338326333353,1.287319242322702
412.0,0.9931588340574591,1.3396526585503628,1.271349001100265
413.0,0.9085023394749517,1.3669297876672684,1.327636397658431
414.0,1.0875382197021228,1.2270088047251073,1.2647448530596652
415.0,1.018744312473388,1.3253718849939553,1.3493907026489391
416.0,0.9744359980082168,1.3621391464664143,1.2633843762407249
417.0,1.0826544696035763,1.3387962351098328,1.3101302938593051
418.0,0.971619643060256,1.0694154309383097,1.100471234006425
419.0,0.9091786660989758,1.1868151208113202,1.1787306406160087
420.0,0.9921766406667905,1.1474825311092482,1.1509367898828815
421.0,0.9164151831009129,1.182836784119589,1.284149416676463
422.0,0.9295589103650485,1.210599103510729,1.2289428813901342
423.0,1.1494858992324843,1.3757624451619843,1.7491908638274218
424.0,1.0430827248250354,1.2393676609248865,1.300029395867951
425.0,1.0097482930217139,1.2778437874047395,1.375872033989184
426.0,0.9147917253756355,1.3695373921769134,1.3909561665958463
427.0,0.9947743325363042,1.3932750371359892,1.4123276072503426
428.0,0.968667206075588,1.3721787165629604,1.5773158537020568
429.0,1.0003411754453029,1.2244518776541318,1.357720832527047
430.0,0.9836548636354635,1.4596241994982657,1.591697246387179
431.0,0.9418729457864568,1.4457085930018752,1.4569795053019656
432.0,1.0298729396984603,1.1737836764023362,1.3798003789666349
433.0,0.9651939082439474,1.380337710298045,1.3133376775739767
434.0,1.041344435858179,1.2365108204173345,1.2160416450917308
435.0,0.9776540303837382,1.2448241346837219,1.1851313034749593
436.0,0.9530635797860162,1.2363138092602672,1.3681237063330818
437.0,0.9200225996527395,1.1342550697735347,1.144374887422576
438.0,1.0191490638855003,1.2492428058675624,1.3498257474863287
439.0,1.0071577002576626,1.4780741985485282,1.4804271352578666
440.0,0.9482640810072172,1.1314160314499053,1.3525562727096052
441.0,0.9398351309275708,1.318581512118439,1.4415612221489855
442.0,0.9455441155800047,1.1953828465044116,1.475707713137335
443.0,0.931164627586465,1.3941783552197144,1.6322823548433236
444.0,1.030835954689468,1.196067284070905,1.4469471980171575
445.0,1.0054349226177177,1.34173708457854,1.3583540148089708
446.0,1.0104143324310244,1.2260282876570556,1.287542810467032
447.0,1.0291760324680415,1.2729134816052674,1.2735170789266288
448.0,0.9199798674614018,1.2986095160710753,1.3385253145336464
449.0,0.9831778996778103,1.3639783283559752,1.3287743615608354
450.0,0.9926858445767821,1.1838720229413422,1.2936574729053176
451.0,0.9940683655751903,1.2028229745143604,1.3975175670390654
452.0,0.9730951291969593,1.2624508988973135,1.2755545923933431
453.0,0.9140694562432023,1.4387826049673687,1.3718143402016896
454.0,0.8963088201086301,1.3181381403925787,1.3330222782486374
455.0,0.9526351560357145,1.2662826083094783,1.2281502807664115
456.0,0.9988858376751036,1.1486700724375802,1.1512374084698698
457.0,0.8943974840775308,1.2231627110430916,1.3143767307892502
458.0,0.8165053960361154,1.2927484547700745,1.184620286477436
459.0,1.0382642193154459,1.2404754939943319,1.347624749242598
460.0,1.040030351896609,1.2632027598715168,1.2685328539736436
461.0,0.9468237597818783,1.367267433089259,1.324081402893177
462.0,1.0468092937759699,1.18649537329932,1.204102781133237
463.0,0.9242133204423242,1.3194958793568194,1.2750906337790457
464.0,1.175275728028429,1.4028632731406545,1.4091491103182245
465.0,0.876557604676354,1.2706807800220516,1.2673092236748078
466.0,1.041570917338108,1.4110118780953065,1.4255344111350845
467.0,1.0431394560458538,1.273791979116857,1.3377829219966548
468.0,1.0880928672855485,1.193849140034726,1.3050626580517255
469.0,0.9654331841870757,1.181325072806331,1.3268821559982333
470.0,1.107512770641522,1.277658759445348,1.4360222585493034
471.0,1.0968024831533523,1.2126427581728032,1.4000048129716205
472.0,1.1837320680125352,1.3457285557400318,1.4420032829544258
473.0,0.9698669499080425,1.2456946834512581,1.2156881946012088
474.0,1.0429292075005867,1.2199477039998905,1.3015255205218688
475.0,1.0589929299802423,1.2915577353785204,1.3710549357971227
476.0,0.9107501045598875,1.1042639171772461,1.1847860285427532
477.0,1.0592931048170662,1.3477442189237208,1.2795315442223116
478.0,1.030555722767645,1.1858342055661824,1.2085822586833042
479.0,1.0772512810665147,1.254919582378966,1.3656443576033135
480.0,1.018982306801219,1.3774644793309183,1.3228654125962567
481.0,1.00180200011007,1.233453109196492,1.254744289516816
482.0,0.9112832764727918,1.2601792685912507,1.2902685420253337
483.0,0.9846803569063081,1.2841624949355954,1.2815051654113057
484.0,0.954829702796639,1.4399142405784584,1.3713771298371187
485.0,0.9694279387301905,1.2812941220360503,1.406477735385698
486.0,1.0764198833237297,1.2904975288211267,1.6247642511806142
487.0,0.9427723669349914,1.3923342118876638,1.372317392193779
488.0,0.9663729332611692,1.226192088245036,1.3720633861669687
489.0,0.9982516933433182,1.1819833765579886,1.1821905951747276
490.0,1.042721021969611,1.1998623557733157,1.201385151595108
491.0,0.9860757691310538,1.2583959890632146,1.2722110797946098
492.0,0.9902978221494129,1.4198208985409604,1.360851955826414
493.0,0.990345569923759,1.175287684429408,1.2554089064537977
494.0,1.061748840590569,1.2081925673873215,1.2350866868068704
495.0,1.0726175571912384,1.3858559382251296,1.4408879582783658
496.0,0.9468416147486516,1.2198887319850473,1.305863527703553
497.0,0.9489428328584525,1.2476150840781404,1.3067042661833959
498.0,0.9650190161144897,1.2720619336763976,1.2996067716913042
499.0,1.06485131015084,1.35743248249186,1.3893485622191135
500.0,0.9103900967449389,1.2987024322377825,1.2296061721261469
501.0,1.1209527255052651,1.2259087381999332,1.3511373809962242
502.0,1.0183296680472618,1.235666870102026,1.267658901191592
503.0,1.0498483303154145,1.30312269032392,1.272042192970583
504.0,1.043926728638732,1.1031135509012107,1.212809014248771
505.0,0.9732675065036686,1.1571276636431982,1.1964823400932494
506.0,0.9799587425862644,1.3925334676616934,1.4009077814212367
507.0,1.0181605767510593,1.3043943588763878,1.2667529080477502
508.0,1.013728295746117,1.174564385792092,1.1858554924058908
509.0,1.1302002700903906,1.4193261220022066,1.4039544613204327
510.0,1.0384041842803529,1.298422961937926,1.4137893028150197
511.0,0.9005464860017249,1.171927578053148,1.109950618863978
512.0,0.9122561357067495,1.1911450835102466,1.2464453024809834
513.0,0.9703050654374988,1.2863797099516399,1.4260036439258583
514.0,0.986718225903962,1.3286917557301212,1.3428743356871307
515.0,0.8433263462410765,1.2772310352499592,1.321522280658858
516.0,1.0172179592695603,1.1521893185918257,1.3342525802789706
517.0,0.9360548764028747,1.2080568604626483,1.2059515487231915
518.0,0.9449313069050245,1.1092453867528713,1.2394449873162139
519.0,0.9344564977436166,1.3566965720905235,1.4683875968685371
520.0,0.956019503534488,1.169919472581534,1.256185012541356
521.0,0.9877435918586938,1.308682871515081,1.4432269246748597
522.0,0.9473781490743153,1.1870942551534982,1.266573995825635
523.0,0.904965816887276,1.093694608716483,1.2118244243132223
524.0,1.08796359499644,1.1969367056287599,1.491354141225834
525.0,0.9333611384816303,1.347649896603293,1.352347020425384
526.0,0.97160128935484,1.3079343134586197,1.3691891660724755
527.0,0.9885036893047269,1.1572822029006395,1.3464892561314796
528.0,1.1064888573984877,1.163081410187911,1.4847691156689413
529.0,0.9728457656423272,1.2777330076772833,1.4389471456539287
530.0,1.1194270629557932,1.1821573029095778,1.3600533220323088
531.0,0.877199005744441,1.1086199326851909,1.1209022647711784
532.0,0.958889320373014,1.2449822643036377,1.2839209122068524
533.0,1.1059621005008984,1.178049597824336,1.332640072275852
534.0,1.0278196101613601,1.2137928266253153,1.2306038465724574
535.0,1.0625430237011892,1.253167602321123,1.2738710977996202
536.0,0.8673853471162029,1.3250092057101641,1.3226529114432553
537.0,0.9293987331227234,1.2233758622060407,1.1982325338539068
538.0,1.0099992711584291,1.2667519072485824,1.3464511433703854
539.0,1.0061602598600952,1.2784472828685292,1.337192148732739
540.0,0.9101183738315947,1.2999552967264512,1.279293353653222
541.0,1.088872481598428,1.2634982056703838,1.3710736334424245
542.0,0.9004189429400333,1.2338073531310758,1.1653911280988056
543.0,0.9684287846457703,1.3155213996879869,1.2857137081512364
544.0,0.9330676190400857,1.3714949761440367,1.326050317375108
545.0,0.9963733416053056,1.2340018989559391,1.2698356723579434
546.0,0.8760602516511764,1.3223000948529267,1.2198785612529317
547.0,0.9603693857640071,1.2251765441147948,1.2757900535129487
548.0,1.0227528630971345,1.2804569514267552,1.4291386366775307
549.0,0.8618955680279745,1.338896122026688,1.21016869717007
550.0,1.0530373303487,1.3227708511911187,1.3021976399115809
551.0,0.9851452993118975,1.2639250586313358,1.3303185776428794
552.0,0.9421055331395091,1.464233731795888,1.4246198016468643
553.0,1.1101110669897132,1.2634941635104635,1.3655305089951566
554.0,0.9711101808479481,1.2587152885015669,1.1930984856771376
555.0,1.0074645693704056,1.2506766899447155,1.2570584000458673
556.0,1.0254788846274416,1.2822101734346876,1.2950644215151654
557.0,1.0644160748857756,1.4488653657846717,1.5065745749384687
558.0,0.9407579000641901,1.3583774946042166,1.3439182578329574
559.0,0.9862798672969268,1.2798950782114793,1.3014735421840284
560.0,1.0540961606651973,1.2850779163227157,1.2480293723723324
561.0,1.040563906076334,1.3489406929566188,1.3331863788012974
562.0,0.9034143507068063,1.1876615316094015,1.1255041195237787
563.0,0.9692746096938731,1.273934951599158,1.378582479862778
564.0,1.0474121570924313,1.189682853828233,1.2089502827024945
565.0,1.1112004026935838,1.207642641639946,1.255853704721121
566.0,0.920297964308237,1.207560537800875,1.3274305725658255
567.0,0.9677522345433734,1.2462504657863618,1.3271940003192235
568.0,1.038331177492996,1.189191955551693,1.1970091900244797
569.0,0.979193782999236,1.3138118659502187,1.2587577771527547
570.0,0.800156200061787,1.3247859646146312,1.2964403356451355
571.0,0.9732202734607014,1.261510074749876,1.182065251142789
572.0,0.9235587287356642,1.3637960446380764,1.2702400380478638
573.0,1.0176186316455367,1.2391695106194776,1.254538922954834
574.0,0.8957971518873624,1.2912257337477409,1.242814708011473
575.0,1.1797295078632262,1.2498004116971226,1.3781737389467106
576.0,0.9773756934221516,1.3124480606057858,1.28684233005064
577.0,1.0298029661933454,1.1623908482800023,1.210429170375658
578.0,1.073873869825704,1.194846532328577,1.2987267662970066
579.0,1.0507514820922144,1.2135217387984722,1.2599246224522729
580.0,1.0130757843275522,1.0801385155203698,1.1418309131859177
581.0,0.9719691129697479,1.1917976092239426,1.2236511018891079
582.0,1.0441688427680194,1.2920829957397055,1.360744202187394
583.0,0.9563537605826857,1.2677073926811997,1.2710610934105615
584.0,1.0328409113578405,1.2784534374218302,1.25723768536869
585.0,0.99669173580706,1.3276323928665785,1.494312150064398
586.0,1.0451260057927365,1.1942111760647314,1.1980553144570754
587.0,1.0077324331662243,1.303557600806608,1.38683295969298
588.0,1.0131147872094122,1.31107078448283,1.254390340739085
589.0,1.0718476695128067,1.3026287406839723,1.3879495852348946
590.0,1.0358728012545422,1.30065514900116,1.526377557626496
591.0,0.957753500212634,1.2109415545854432,1.1954628050009686
592.0,1.025638283964615,1.257463165532179,1.4918082144482507
593.0,1.0469286678145344,1.1739040445289108,1.282441487941835
594.0,0.9980090659019989,1.1289083041917685,1.2397897241367801
595.0,0.8005421905116169,1.1783924692907906,1.1017539150830011
596.0,1.0327286351153104,1.234143726049078,1.536490902006785
597.0,1.041296940944223,1.1906632688115966,1.3651184989075376
598.0,0.9609929162591142,1.2611813464109676,1.250297444156029
599.0,0.9504085340360954,1.1147159923539134,1.1683128588933416
600.0,0.9938777542350882,1.1932743564552453,1.2452174666878821
601.0,0.8892970142767571,1.186558743202087,1.1138716257820103
602.0,1.1160810970547226,1.3029100553220305,1.4468449314308485
603.0,1.0137196166617999,1.2824371951234017,1.3155450707671963
604.0,0.9461555665343832,1.1769286310203677,1.2627435625528824
605.0,1.0121487373311364,1.2095465568445058,1.2870739078504543
606.0,0.8619407396648763,1.2682441211994615,1.14042232814172
607.0,0.87217376047117,1.4125905459798853,1.423076928488542
608.0,0.9422122344443532,1.432102724646385,1.3312909825894395
609.0,0.9850614784977982,1.40100236336702,1.3851082103576347
610.0,0.9919317490853609,1.4160246839855213,1.3857378155572408
611.0,1.1562419369111032,1.5042218750157714,1.6016012569876856
612.0,1.0555989496299876,1.3384174878187043,1.4703423346372055
613.0,0.9605070119997021,1.5633387538858443,1.678556731612021
614.0,1.0642519637350614,1.444971180596925,1.4499876975250585
615.0,1.0217567812274637,1.381891196579031,1.4072420704230082
616.0,0.9658793292684734,1.350748998276866,1.372920792175402
617.0,0.9127052487659552,1.2383996533025519,1.2730215365976902
618.0,0.8646744230368476,1.5093559609421436,1.3598561174382444
619.0,0.8874138730319399,1.2053780014575324,1.1953241028037367
620.0,0.9114998335113249,1.4335732970351516,1.402669219067512
621.0,1.0449221783869251,1.4977717868543896,1.4184568544834004
622.0,1.0246576672796506,1.5598252463832278,1.5258651030729002
623.0,0.9907025259795229,1.3746230554175947,1.329174253103175
624.0,0.864007113243698,1.2692504176361181,1.1403837593065649
625.0,0.9545933232832342,1.4552845563723,1.3639005796161745
626.0,0.915766982769078,1.3336931567386412,1.3179526658166996
627.0,0.9219193726031242,1.2295651250153437,1.1839333977130482
628.0,1.0195209665963578,1.3794982965034397,1.389487141997364
629.0,0.9543343246009888,1.451957575734418,1.3307239130030877
630.0,0.8469591225912849,1.4085196019421506,1.2717921766999114
631.0,0.9214824593942739,1.3155473464195053,1.224074074698712
632.0,0.9491571223935018,1.310259950496269,1.2412142034016402
633.0,0.9610284027572925,1.3713776866585738,1.3179486634345383
634.0,1.0684362944255859,1.265180553567096,1.2551668589865113
635.0,0.8590269009370587,1.2124083199203417,1.1280580817944177
636.0,1.0022686987948732,1.1195572056091945,1.2356227472191903
637.0,0.7777511682972605,1.3521829262944716,1.2252496397624513
638.0,0.9552301490683149,1.29067536824811,1.228876759001626
639.0,0.9443185962983799,1.5241708113932966,1.4664003353853967
640.0,0.8712290802545246,1.4081790496998787,1.2475554579026327
641.0,0.9957461891606538,1.384366279837757,1.4178533250215968
642.0,0.8674934071783066,1.3274249572638785,1.184765440833345
643.0,1.0535034746884906,1.26763104737358,1.308637879883958
644.0,0.8927286437145774,1.313358366712885,1.257528270117696
645.0,1.1573456053828897,1.2138365376899363,1.2291387679454373
646.0,0.961512320772894,1.4005119927825354,1.2788672243869648
647.0,0.9683655128258785,1.26101943996435,1.372376189878667
648.0,0.9210688672632913,1.3770050160860114,1.3111329171929218
649.0,0.9832250905328513,1.4005337267051245,1.3827907749266222
650.0,1.0997544841325255,1.5092891329631484,1.5587847348717958
651.0,0.9053258795039439,1.4014520536674178,1.4104938530870548
652.0,1.0594489876056403,1.528497303813155,1.4674091552278141
653.0,0.9378676329433714,1.275845282453786,1.3676417804599785
654.0,0.9212667066941223,1.293994522219284,1.256578989835567
655.0,1.0604167124986505,1.3194871130850114,1.4777555734049148
656.0,0.9623253395140213,1.2772546707181422,1.303641215222392
657.0,0.9615074589388741,1.2146845892957197,1.2987281822390768
658.0,0.9824107945063129,1.4094758389103532,1.4237969411826692
659.0,0.8539515330889423,1.3632225678598524,1.6915881756148885
660.0,0.9202327034906673,1.221748335837199,1.3556718894057436
661.0,1.114155234624577,1.359957492064717,1.3923474679637184
662.0,0.9329122970100134,1.3703859675189538,1.3572071576402145
663.0,0.8604068714763908,1.3698078909321145,1.2956089701357356
664.0,0.8761084098931894,1.4321864600427625,1.2941376944336531
665.0,0.9399482816646973,1.184142776642987,1.1054574365734144
666.0,0.8915882427417657,1.2944243932137816,1.2176372966464948
667.0,0.9424356071892162,1.3110342077761339,1.2449862575675084
668.0,0.9807029650313994,1.3157205362025886,1.2356787144897414
669.0,0.8527145502337419,1.2842498104012405,1.1638291316985085
670.0,0.8801304708028419,1.4214772419736863,1.3643445448352614
671.0,0.9125457586733939,1.3158400648307589,1.1830493059591294
672.0,0.9601253631040707,1.3448800457029024,1.2315832387712438
673.0,0.8770912597866553,1.5046527022251313,1.3109129907378791
674.0,0.9431326292979958,1.4182375681462804,1.2818160389652418
675.0,0.9512004701690641,1.5770570598895874,1.4670893783421024
676.0,0.9617208993803693,1.45832404856095,1.3507863567703122
677.0,0.8181100199410073,1.4432988114006244,1.3014748241241876
678.0,0.8778793215278121,1.1789815609372325,1.091437245154358
679.0,0.8430359836113497,1.372354310951576,1.2822630454971904
680.0,0.8850548378768647,1.3075403343789191,1.1701205935869046
681.0,0.9758959514943857,1.279167032166254,1.2498176178499856
682.0,0.8540087201150891,1.3518498295893846,1.2721613676261645
683.0,0.9273742073032976,1.3489388212481888,1.2343269742477725
684.0,0.9038277970008392,1.4198018426137167,1.3364209830624438
685.0,0.9185848405973462,1.1540495287223227,1.2491353816052726
686.0,0.9664475924062593,1.2557595603770937,1.275797734585295
687.0,0.9195604967216416,1.1362408414260896,1.149464375164795
688.0,1.0359272333295444,1.2620319677983933,1.336484731852357
689.0,0.9674643768130159,1.111610229461424,1.2708418081073882
690.0,0.9933820235105477,1.2545183746337871,1.39799780970462
691.0,0.8864974416375114,1.3877856519199783,1.3771296311102104
692.0,0.9242571175915404,1.3125206557134341,1.3783834838339346
693.0,0.880198697609807,1.286048659477822,1.289069417918749
694.0,0.8791064096190476,1.2955620622177353,1.3071641337237345
695.0,0.8956608879803625,1.4534749174783146,1.4837233403216277
696.0,0.9503441184380427,1.4028858810486327,1.5040797279463543
697.0,0.9847166280709253,1.3381807212147208,1.4409412503249657
698.0,1.0166545533311357,1.2634944249695654,1.4065683363782269
699.0,0.9076449586560834,1.2011257822460828,1.183530080941833
700.0,0.9194012777852564,1.3424861186080626,1.252123109237298
701.0,0.8831844721320713,1.3111569438419117,1.3710424842381954
702.0,0.8096215742756254,1.1729392137758459,1.239723763546641
703.0,0.8695471907566329,1.321114767873663,1.2489171278248739
704.0,0.9504064780346166,1.4127845077003218,1.4429542885387712
705.0,0.911113342329626,1.1565650415690354,1.4923615701734696
706.0,0.8850144953974364,1.2049983792521524,1.209354929114688
707.0,0.9482657053358041,1.2313281999866572,1.3052524880431688
708.0,0.9617079121905399,1.2400123310394704,1.4167910579334302
709.0,0.9434313949425125,1.3477969758602528,1.4857908373773026
710.0,1.0253583597069675,1.3330793679299164,1.420718071313371
711.0,1.1005262806038436,1.3354940529150499,1.57285413123145
712.0,1.1087238511703597,1.2532070162281557,1.526520240613139
713.0,1.035457814736856,1.2062754235120177,1.3923760922092123
714.0,1.1236488598341594,1.3581778105572044,1.4579037192583866
715.0,1.0436113591087965,1.1666712892940223,1.4179011725847461
716.0,0.9824039890911194,1.1455281395448027,1.4313417625275635
717.0,0.9637240413422563,1.055595191000104,1.349924393487729
718.0,0.974804329153757,1.220104955835939,1.2729470222054486
719.0,1.0629258831671304,1.0867650039558063,1.399264836757096
720.0,1.0195379861063087,1.1069943699808644,1.2588789291465006
721.0,0.9451310010332541,1.4558740094140548,1.4611868814614641
722.0,0.979317514346258,1.4781056143697033,1.5546919034769382
723.0,1.029402569232418,1.31531882088719,1.445569112831422
724.0,0.8814026933825363,1.338358627057902,1.5171030526080465
725.0,0.9713028280903122,1.275817327372955,1.4451258249741998
726.0,0.8905914704391193,1.181444069313462,1.2962949252896367
727.0,0.9460753344437501,1.281598427646775,1.3700915291812392
728.0,1.0442280678084557,1.4317784122519177,1.6948743171455092
729.0,0.9650824652891331,1.321653203914392,1.4462694547753319
730.0,1.184301556468194,1.4294769880280733,1.6900470218211363
731.0,0.9375440201072432,1.357144429804745,1.5453719573349185
732.0,1.0972479389475787,1.240730252725595,1.501629564098085
733.0,0.9454035540913291,1.2498785326069637,1.2272046910707302
734.0,0.9532647130039961,1.3518230071314308,1.4300083017654612
735.0,1.027277755113598,1.2456450257305434,1.4029017953446279
736.0,0.8739844746255218,1.2459449913549323,1.4750394637738236
737.0,0.8428270975726497,1.3969569501332484,1.4764909755594846
738.0,1.0064036156414768,1.5070609245784583,1.7789563522145087
739.0,0.8568707649344783,1.3564145370333573,1.4758393366823683
740.0,1.03320937531451,1.3611805941482313,1.4193410660017127
741.0,0.9489897923754351,1.3800701571463339,1.4881009615568948
742.0,0.9835510415193659,1.333489530681486,1.513074942394352
743.0,0.9918192034005056,1.4172712812211974,1.5317127016875323
744.0,0.9457048898970217,1.306707266007427,1.4432220889018899
745.0,0.961076321476508,1.3344641033135383,1.3748413088025726
746.0,0.9007989520835633,1.3040781500203298,1.3828595373978507
747.0,1.0337377008191542,1.239794133178692,1.4442589267148673
748.0,0.837108131963813,1.55212191106202,1.4162613376223823
749.0,0.9304946934091078,1.3338975540872282,1.5112473670661746
750.0,1.0127043641646176,1.453399614023283,1.6457943719160164
751.0,0.9300268996016873,1.2690802861873125,1.5547393376010847
752.0,0.9558713414356835,1.1401742835996198,1.2313604568267
753.0,0.9997187511540588,1.1365070899775218,1.2776577454389717
754.0,0.9814771453794835,1.309928987524646,1.5151097089954113
755.0,0.8977874741669118,1.3415174924654798,1.441730327936263
756.0,1.0630263131871716,1.5057775220047265,1.6838612934055228
757.0,0.8881261491924287,1.2457762306609685,1.1960748110592103
758.0,0.8735559434270586,1.4384459247996764,1.3679352181574616
759.0,0.9527600800295751,1.3838189689050238,1.5731168552828054
760.0,0.9748483140900345,1.4322196039179778,1.4791314385774406
761.0,0.9366882425405584,1.2337181026782424,1.3867738635407592
762.0,0.8724798425669066,1.2782432098832743,1.2144466354271286
763.0,0.8920692819969086,1.2061317240722456,1.2951265449291633
764.0,0.9301589367891282,1.2373622337685912,1.3041810114380825
765.0,1.0344671467870692,1.284516009610695,1.3066563780553617
766.0,0.9861692172787246,1.31568086067786,1.295771637907595
767.0,0.9172866838914907,1.2633264136173334,1.251678257688935
768.0,0.9385165999301444,1.3709767256590548,1.31745849130515
769.0,0.9518305453110366,1.3539143131335574,1.309238168180607
770.0,0.9351803931225505,1.3483318281165304,1.273228556312307
771.0,0.9945117113120245,1.3162785503778782,1.250211263889935
772.0,1.0240125299419314,1.5130518681390523,1.5646247823516688
773.0,1.1491604125776367,1.4827292209624487,1.4703631228185978
774.0,0.9873124293120938,1.5729661429402169,1.521580393178194
775.0,0.9855011759717005,1.2593903457369426,1.3181521866316948
776.0,1.1355926536235286,1.4019725568689327,1.4484941830362064
777.0,0.9765021802267357,1.463632091084353,1.4333465012262117
778.0,0.9595219987887859,1.3213504781633167,1.297213299899052
779.0,0.9520913094295965,1.2776875016092581,1.2507738794039607
780.0,0.8678699755456726,1.6142073167277107,1.5701132976839418
781.0,0.9521146802449225,1.4381895727862768,1.3590098130297508
782.0,1.040395025876991,1.2963677834843237,1.2732313972087
783.0,0.9115282080841571,1.2734397791789407,1.3029183901091355
784.0,0.9169714005596826,1.5284662896682328,1.445300454326459
785.0,1.0038521490211738,1.3035425988061782,1.5818774149451271
786.0,0.9538271260370641,1.450028469271574,1.4558918196708046
787.0,1.0060037043590113,1.4670661304203592,1.4424780530213441
788.0,1.1052989337196693,1.4113673534690405,1.4450146483913078
789.0,0.9979300212662894,1.4610266794118723,1.4427493176063393
790.0,0.9850626263341871,1.2731852143288893,1.2991289073340297
791.0,1.046925870852574,1.3977938608894238,1.3728589141574645
792.0,0.9942275831392247,1.3474217632689207,1.3100065102360232
793.0,1.134898339771092,1.3576099869960834,1.3250658988137334
794.0,0.9215692003447672,1.4133669445207995,1.4404731245463402
795.0,0.952001653236513,1.3040008390971254,1.3513215865355632
796.0,1.1522961923444817,1.3337278466928675,1.4244114374029222
797.0,0.9714034020023039,1.139049205226488,1.3914936306399888
798.0,1.0536460268745054,1.2604742643570566,1.5495071762982144
799.0,1.0143645785165805,1.3071436742300468,1.4913781621840798
800.0,0.9664250088964622,1.396125969493285,1.4460118781096796
801.0,0.9274504705283434,1.1279466938234708,1.388227158608384
802.0,1.0397924816921658,1.1280316617635564,1.3132345273904427
803.0,1.0388438004954892,1.3116581679508288,1.4839628063031598
804.0,0.9941595268394573,1.3406042145744417,1.3047660440585827
805.0,0.9423789998493838,1.462102178011181,1.5010414277429407
806.0,1.0186819596031178,1.5606970725845983,1.610676909171588
807.0,0.862265744604844,1.305130502575333,1.2748912432239756
808.0,1.1549772154910358,1.3240903583511834,1.373342943150156
809.0,1.034599548122072,1.2585395787914768,1.2560273596815612
810.0,0.9386453246214201,1.2658967095939182,1.2469875071825942
811.0,1.04597875091263,1.3292361570915638,1.5654933454055753
812.0,1.0932289047603492,1.2318090911681925,1.4486711027173627
813.0,0.9616233744547207,1.2188006709742412,1.3135749144188922
814.0,0.9158952631052844,1.3309745348209046,1.4311688567889518
815.0,0.9789897233877562,1.2134714247515488,1.3489704194187493
816.0,0.9739527509010779,1.2886541973193815,1.3205571650250705
817.0,1.0495621236635773,1.3651968597430353,1.3701524665895348
818.0,1.0165850801743173,1.2899564139555908,1.388244517739973
819.0,0.9318917309198421,1.2995138848451218,1.4550141522716078
820.0,1.007716320484681,1.255694058859877,1.4205416206458532
821.0,1.0053286895722966,1.2899608883504796,1.3357457861537616
822.0,1.0259097194952578,1.2865639598417427,1.326048481043397
823.0,1.0483545804849492,1.3654520588898853,1.505330905810119
824.0,0.9768401960075127,1.2980290797492924,1.5001093882356102
825.0,0.908401658539115,1.3962041193912704,1.423478835626632
826.0,0.8815265531512404,1.372709426693909,1.3001207561906758
827.0,1.0766712465811636,1.2536486371404476,1.3173082706096788
828.0,1.021605686405214,1.3403490571324121,1.3216379489787744
829.0,0.9853894332169071,1.3622453193470803,1.2745768183575978
830.0,1.0692070476346438,1.3487742343326765,1.3569996543246476
831.0,0.9401789006935585,1.4132279749813428,1.4668828842848043
832.0,0.8818318796633942,1.284611827537705,1.2864754732259622
833.0,0.9002317145262682,1.4256506471914494,1.3172180826721276
834.0,0.9605297031503641,1.3558149542951115,1.353680432782663
835.0,0.9233060259090715,1.4294566987817352,1.5124402004326782
836.0,0.9871478813758341,1.3749781226904538,1.4073901517509244
837.0,0.8729785133328389,1.500669279428224,1.4878236051808142
838.0,0.9981661962608231,1.3393220942067572,1.3585618971210034
839.0,0.9141300713652136,1.211234476879058,1.2443449730829503
840.0,0.9323834713892032,1.356102412647581,1.6748600785150032
841.0,0.9973407932754537,1.2785218621274843,1.3283109759108986
842.0,1.0086482246128226,1.581724354857419,1.6285720035385645
843.0,0.9680035432977043,1.6229440596744351,1.6844475028658554
844.0,0.9870636133401941,1.2338968265365835,1.2327879806758242
845.0,0.9000245533706193,1.3696305880552198,1.4153085138025459
846.0,0.9278116931377609,1.2996584067405201,1.2731903648184784
847.0,0.9611677131823227,1.3700260073472506,1.5209845688581392
848.0,0.9861013147397206,1.3187834282697184,1.3496413406917311
849.0,0.9628162805012374,1.1921447765690978,1.2474302127659038
850.0,0.9590801990196054,1.4140476076199706,1.5221563597433634
851.0,1.0378034557869158,1.2937220002859573,1.4208711333203143
852.0,0.9862627450193122,1.3762149346480477,1.3971775057786935
853.0,0.9216124186239624,1.2178620131923605,1.1879030047062202
854.0,1.0111781064687324,1.4496810835874325,1.4416837498163246
855.0,1.0275686945890634,1.2999397791841074,1.4431573863555593
856.0,1.0307197092608729,1.1997186714137171,1.4121637937300204
857.0,0.9330467393266825,1.209108560829707,1.3584318300843996
858.0,1.0260242511972477,1.358450297185086,1.4584688594189181
859.0,0.9226330156326974,1.349232203669289,1.3630593240818873
860.0,0.911800607706725,1.2678411968818826,1.2963458860670463
861.0,1.0916532058766444,1.1726359406993552,1.3292634498758573
862.0,0.9468566226488185,1.239146123391948,1.308412023937106
863.0,1.031514558080646,1.3227561552242952,1.318382963502885
864.0,0.9751052876686054,1.0374126620598076,1.2184888489648582
865.0,1.016570186720872,1.0863477574609863,1.1672571439824735
866.0,1.0045830911624294,1.3325766535861285,1.4221229174124963
867.0,1.0475101299220981,1.4888398449310445,1.5417017882774433
868.0,0.9584534637436826,1.2242865027914582,1.369948527722794
869.0,0.9365389790631163,1.22402225102264,1.3241683447348087
870.0,0.9269752362404182,1.3707490111303913,1.3880378160743378
871.0,0.9063052274852244,1.3511143746671335,1.3396568552375947
872.0,0.9152001759825706,1.2587983230263518,1.286870506973697
873.0,0.8255391459958588,1.2741516425267985,1.2376789835431277
874.0,0.9370515313752646,1.291881685788314,1.3297589306474131
875.0,0.935526161694252,1.3276738464780917,1.4796384485695322
876.0,0.9719733312268531,1.354283901612511,1.3570128767123544
877.0,0.9613345456124257,1.3323904020789041,1.4346349372351785
878.0,0.8512833863688218,1.198024413740595,1.209468857519187
879.0,0.874187235932724,1.3339585353478731,1.3353749781530977
880.0,0.9256485459347005,1.2587049035479458,1.3248484248675165
881.0,0.8547080879925671,1.361060238854083,1.3764493764766292
882.0,0.9410896930659214,1.2412826359233924,1.3209801355438047
883.0,0.8553243951368712,1.1955545663995515,1.247308066725938
884.0,0.8561009480858061,1.2901348380529125,1.282112739873692
885.0,0.9418526613402104,1.3146528838456804,1.3217715594123887
886.0,0.9379193417035016,1.3268998536133312,1.304602185303904
887.0,0.8727525929341589,1.2324814454469044,1.398619855655184
888.0,0.894880703960516,1.2434960148044103,1.2991597212249135
889.0,0.9094903299506546,1.3300140220435657,1.3129260121306743
890.0,0.9984015039817291,1.4737911432973598,1.5855395795662537
891.0,1.0071680314086915,1.2805665653690401,1.3569438265328175
892.0,0.9383745957905929,1.2637091339850426,1.2895237392863108
893.0,0.9462267583449423,1.3219412187421111,1.3549858092402336
894.0,0.8621645530663257,1.2440880733713569,1.3069018184293073
895.0,0.893828020898095,1.3490766360235988,1.3439448493804045
896.0,0.9262779517336167,1.2733083535721468,1.2712887530411223
897.0,1.059211668764078,1.4408492516218574,1.6170161505381457
898.0,1.0145360146721636,1.27426210670473,1.3030578961331376
899.0,0.9817928597983308,1.2577373284343185,1.2937874469885615
900.0,0.9240749507402443,1.1865963212437276,1.243392434802173
901.0,0.947610341740092,1.2987763010079176,1.325565427308326
902.0,0.9087322871070218,1.4123361275395527,1.445328745773188
903.0,0.9444593709153745,1.3061886627028152,1.3117150608653187
904.0,1.026114507092341,1.3979051148868842,1.4279205038260943
905.0,1.0448389574334707,1.3222358300757076,1.3917409380036943
906.0,0.8979501573578283,1.2590773883755375,1.3155262731238027
907.0,0.9010850980867481,1.3506540567043832,1.4275482404327111
908.0,0.933514915233473,1.3812507166444827,1.5024451063395141
909.0,0.9238820552707441,1.254399764851468,1.3195915159612461
910.0,1.001081144685098,1.3118543376654652,1.4529725931858135
911.0,0.9710786659295735,1.2008501538403145,1.2819815266290555
912.0,1.0281202858306455,1.2492817105635854,1.2096180693034246
913.0,1.0142368825633084,1.180218972114645,1.2467204434635948
914.0,0.8824270091661127,1.235593650943622,1.2532214605883174
915.0,0.9777918810292688,1.3989676544100282,1.3623612362950133
916.0,0.8712678922456276,1.3214014896581818,1.3584486059819392
917.0,0.83920281525567,1.3252155196386008,1.208032395628843
918.0,0.9675618505819702,1.3155747290869855,1.3433077516033707
919.0,1.0282571693159823,1.2659443518748588,1.4175506560082998
920.0,0.9537696961982041,1.2164633487568133,1.3128068178335293
921.0,0.9502207024681563,1.1351406271587017,1.262101313357214
922.0,0.8754729005642908,1.3245382704236222,1.3403727125312341
923.0,0.9167354409716748,1.3376304199022326,1.4097149800697408
924.0,0.9133034378277859,1.4084067965203908,1.4531558372895228
925.0,1.0003583129382854,1.1458207498640058,1.1780941556970144
926.0,0.9377907161480943,1.3711246124674497,1.2999814276033468
927.0,0.9389996495410241,1.318623428565139,1.3554078854254312
928.0,0.9907057427456087,1.276678885323006,1.4478902192751257
929.0,1.1336145844046965,1.2175364486551499,1.3738594578372074
930.0,0.9497776278214503,1.3296755969640548,1.2662999318516361
931.0,0.9781543406152052,1.2283573679031676,1.3015447031014493
932.0,1.0312622754325007,1.2226749654905105,1.2778858405831364
933.0,0.967827677276568,1.3223833752131706,1.336417667711668
934.0,0.9315522825051494,1.293163406524277,1.33107102271055
935.0,0.9133962407802689,1.508214871577634,1.4969953137444996
936.0,0.861760872084613,1.4221781309631072,1.3505080626340695
937.0,0.9493533304407131,1.4119879328605602,1.4268793806974909
938.0,0.9949107464767486,1.312003651043275,1.436579646290431
939.0,1.0744560174772508,1.3843866082633407,1.503762978088343
940.0,0.9183772932111892,1.3170925858149327,1.2470028552019239
941.0,1.103278636634971,1.3994836087327769,1.5103870370852148
942.0,0.973918363631335,1.1292365433216076,1.1883147043821
943.0,0.9114398527240737,1.5793407085882856,1.567188927600933
944.0,0.9146838868218128,1.336332072875733,1.2502212053619826
945.0,0.9927748031242263,1.578547565577027,1.4486469766625323
946.0,1.0170576114675978,1.284201863764143,1.3198432821126238
947.0,1.084795562792628,1.340658675517161,1.3918654788069063
948.0,0.956160827187057,1.5159998981485963,1.4768325579674235
949.0,0.9593938371695698,1.4818980488836042,1.4144249370441069
950.0,0.98056691384234,1.5865215133785198,1.659467839719009
951.0,0.9820916846090009,1.4882337887503843,1.6887479592694772
952.0,0.9805253453695612,1.49730379098245,1.4737151071272665
953.0,1.0624869014927834,1.6175000460499742,1.5521070760353777
954.0,0.9766921649340857,1.5256760938041032,1.5024191056667149
955.0,0.9292440043845848,1.405319390289007,1.303022807855146
956.0,0.942138501111432,1.5215306782874547,1.5069194725837545
957.0,1.0146864837508172,1.4381009140926448,1.3860747915668001
958.0,0.86827737904589,1.3682440576688597,1.4084827185854631
959.0,0.8731372856404617,1.4343674263773158,1.4932788921523446
960.0,1.0110935885774774,1.4890800917937657,1.4488321093853538
961.0,0.9785251072846239,1.5400094514303815,1.5066112369537747
962.0,0.9699174761597444,1.5385951808355198,1.4478416016115385
963.0,0.9393806552310753,1.4524992428980184,1.4152622066383367
964.0,0.9833571442655769,1.6613555136729676,1.5279873330306677
965.0,1.073927309723103,1.3929137840922665,1.3950416796065783
966.0,1.0214137581824914,1.4374315178990498,1.3719162139824064
967.0,1.0203162405666586,1.3819824802919192,1.348090722576256
968.0,1.0023525497747094,1.2186922670268674,1.3437180286019401
969.0,0.9414428578870971,1.2223202143633147,1.2946278283039925
970.0,0.9708592499120543,1.306955276882628,1.369366752989502
971.0,0.9500372560137668,1.4417493724850374,1.3861666645615898
972.0,0.9940010792517602,1.4933201581599655,1.4244762236146107
973.0,0.9133672938745552,1.4890541263092874,1.4526787440005493
974.0,1.029771654713776,1.484818328160673,1.5746904916504032
975.0,0.9966679748308915,1.3914530300895074,1.5074622964278126
976.0,1.009705279961889,1.4332862644582636,1.4011200050529105
977.0,0.9654988003134677,1.5643476069735738,1.4632838919561277
978.0,1.0092856741967915,1.558939945447344,1.532993286254691
979.0,0.9983687149318781,1.362812764676642,1.4608879917435924
980.0,0.9335047259379226,1.3660012597746887,1.3801944122849799
981.0,0.9912855781653218,1.3331639319808755,1.5250146734009074
982.0,0.9083166384778758,1.428879940274491,1.3558953598746295
983.0,0.9515894700770592,1.6404743818813532,1.619605699158514
984.0,1.0011740371159001,1.529376267269921,1.5610377674022924
985.0,0.9753443175853911,1.3500886781108417,1.348884503393558
986.0,1.1197085879685023,1.3668906356468422,1.4778637880031826
987.0,1.0516054256274692,1.302618044977403,1.3332819690972533
988.0,0.9219568939606017,1.239258765964163,1.3011048726285994
989.0,1.0163774816885742,1.3494966981286334,1.3404057959675388
990.0,0.9284326362587126,1.3400351546139728,1.4500806243987916
991.0,0.9014032303344932,1.2964722282934111,1.4419715726431044
992.0,1.015988392768376,1.2240680738587286,1.3641342222496213
993.0,0.9392337672159886,1.2316737851636248,1.2630772304439863
994.0,0.9769196906563348,1.2745953558246452,1.4210325497982423
995.0,0.9547071747157384,1.21015875079359,1.308002656302494
996.0,1.1373009217619787,1.3484833255046746,1.5695731739078165
997.0,0.9681159895900447,1.253145263347335,1.5146141880638522
998.0,0.9276826526097485,1.267901379057723,1.3512471982106526
999.0,0.9925462482579261,1.3613953142852686,1.40305880151833
1000.0,1.0384175794296584,1.4147860545132998,1.465251932895472
1001.0,1.0368821293403958,1.4347134889712019,1.520282787752005
1002.0,0.9092446388398616,1.2563877869097249,1.362818118469409
1003.0,1.0565052028821649,1.339543340664605,1.44915547397864
1004.0,0.9610523897038247,1.343981622182685,1.4331935369616415
1005.0,1.0659504316888226,1.2708989281723022,1.3255570900826297
1006.0,0.931388906480329,1.3044993342701954,1.327012013412727
1007.0,0.9803226629439054,1.30299384147248,1.5145697999508783
1008.0,0.9752320496737467,1.1806817774015903,1.273918906803431
1009.0,0.9339891414580477,1.225315911774973,1.3383920141057344
1010.0,1.067610966805826,1.372564620302513,1.5234487873633402
1011.0,1.0410068183567591,1.2263757545372185,1.5269769621038949
1012.0,1.0449996541645603,1.2103596889793757,1.3671584160783132
1013.0,1.0771086933382226,1.0357033889400793,1.226307684177013
1014.0,1.0124235406965352,1.242252906206431,1.4108281400041909
1015.0,1.0448556567107623,1.4163285090995898,1.4241199249230432
1016.0,1.003245505952157,1.3423328660649214,1.3039228195227108
1017.0,0.9698804201492992,1.2408400643762683,1.433610234284197
1018.0,0.9772025495636506,1.2317639110394785,1.2123119176590773
1019.0,0.863571787062933,1.2843454276040491,1.2508357097416092
1020.0,0.9213344977046921,1.3068401492080752,1.2615592117675456
1021.0,0.8696137271602756,1.3166455569167308,1.2468072445830365
1022.0,0.9158138082881395,1.2101265728622963,1.2332925512254063
1023.0,0.9246327157158176,1.290217476421726,1.2350690389253367
1024.0,0.915501551521615,1.1917724083802474,1.2632895588541941
1025.0,0.940920509318342,1.293362406647108,1.331720213679634
1026.0,1.0072825202963747,1.2924644851727225,1.326853017711243
1027.0,0.9657037289018521,1.2328644908180149,1.2792113126706544
1028.0,1.0098008415871589,1.3723957032413443,1.4458838754925725
1029.0,0.9631471978121336,1.2169691242307992,1.3368878563455593
1030.0,0.9212473711395175,1.4495353899173515,1.4761393007059986
1031.0,0.8986525147700269,1.3019350977883128,1.3176846540335425
1032.0,0.9757527613535235,1.4037974295399098,1.39733558606872
1033.0,0.8693067139381434,1.2992886513606927,1.2365990583002584
1034.0,0.9154614840269846,1.2308362987255868,1.3930977173262553
1035.0,0.9199818366439059,1.3186173139177249,1.546308846752684
1036.0,0.9287161327282987,1.324803388740808,1.3363714183443665
1037.0,0.9712565246851285,1.2596606699368256,1.3301865675640105
1038.0,0.841152922318917,1.2765712050394773,1.28286483049154
1039.0,1.0143228355585165,1.3165493875818655,1.4271520624859
1040.0,1.0354274519192768,1.3897218399293276,1.5218998982889635
1041.0,0.8906384990975186,1.4915441265127918,1.495013507873159
1042.0,0.962429937808271,1.3090050483310727,1.387670351495673
1043.0,0.9125569369907679,1.1989348729671014,1.38303980313333
1044.0,1.0471782249698427,1.2949407440660403,1.3509291795451688
1045.0,0.8805385364608057,1.2034527402127548,1.2081254986394383
1046.0,1.045650795073366,1.2433979364374734,1.2540342522598473
1047.0,1.000223654602729,1.3260903465995315,1.3709380677512368
1048.0,0.947580768256126,1.1965018351307701,1.1817887670171037
1049.0,1.0867601576359314,1.1772668958014596,1.2678574149187658
1050.0,1.0473067859751948,1.2807225386892975,1.4685818459212454
1051.0,0.9999852191818107,1.2176238794282195,1.4492320599874313
1052.0,1.0025797125192706,1.239701386639113,1.4492425092867534
1053.0,0.9566443870065764,1.1492358529081572,1.3360360016953157
1054.0,0.9027282299360797,1.147216860444744,1.439169023980998
1055.0,0.9517335188296024,1.2015586720749505,1.3202696013004451
1056.0,0.9387673996244675,1.275740208925784,1.2868679203619893
1057.0,1.0191536850009049,1.3765345316795077,1.355068951865099
1058.0,1.2131526423923242,1.2644773038233503,1.516052005965936
1059.0,0.9138341943286454,1.3901536936680305,1.4653392351227212
1060.0,1.125906478147407,1.3176713946662166,1.6471024800887046
1061.0,0.9891806763556654,1.3251252021228628,1.4436905517720164
1062.0,0.9393662959861743,1.218373627776027,1.452154153351336
1063.0,1.1654745019142752,1.4849707296268606,1.6230169511169976
1064.0,1.0104223438073583,1.5309829199692095,1.8742305480948214
1065.0,0.9970137706287581,1.5496008103857608,1.5966134479259653
1066.0,0.9762256882011415,1.431519188261924,1.6048366828331555
1067.0,0.9771971381380067,1.3811183272557082,1.3485349689475323
1068.0,1.037095670806758,1.5216386106820552,1.698996048334333
1069.0,0.9864436039853502,1.1992068763532222,1.2873660044524056
1070.0,1.010938753771301,1.2688542534378686,1.5188659669652278
1071.0,0.9490598289844466,1.4852236425794676,1.4384804313952462
1072.0,1.0420023880664362,1.4593742065177668,1.4929500818179802
1073.0,0.9268850191527639,1.5473816562592064,1.3927976820991792
1074.0,1.0151303224911734,1.389858906613981,1.342294165275127
1075.0,0.9681183289110147,1.5206593377679218,1.3899624464415912
1076.0,0.9028165286924354,1.3314711050065682,1.2441393226377595
1077.0,0.9335178481056046,1.5845080960483742,1.3954636906600209
1078.0,1.0424857344820986,1.4846937311931785,1.3772627742335912
1079.0,1.1330232470880321,1.5279264423265428,1.4105436981047759
1080.0,0.9716376340878631,1.3189062331837786,1.3598085455885034
1081.0,0.97634825448005,1.4819123679310258,1.5553806099372303
1082.0,1.1114232080930293,1.3800988490636255,1.4824653584092455
1083.0,1.0105491754940363,1.6848238841512677,1.6989799063731938
1084.0,1.1437815631288104,1.2458280100988302,1.3561455894397016
1085.0,1.023633440930845,1.2845917481808173,1.320851418843625
1086.0,0.9926327443324984,1.418367319137646,1.5820022118031876
1087.0,0.8483571009244105,1.4849993781125275,1.4092362271611503
1088.0,0.91995112831081,1.3617972391545388,1.3452092583819575
1089.0,0.8924996264668191,1.2182830451544409,1.472712739391077
1090.0,0.8688142090514932,1.3952534326797634,1.4511787430004488
1091.0,1.0132270416538274,1.299962313143537,1.2397433670385984
1092.0,1.044835037575911,1.4129601760871167,1.3431080419445123
1093.0,1.023908495820466,1.484968110822413,1.4339227316602305
1094.0,0.9614603048506025,1.534146636944377,1.4657561566284365
1095.0,0.9602803541067029,1.595495981574161,1.5101843874534113
1096.0,1.1083594920966295,1.4812335837801556,1.502129126267525
1097.0,1.0214249922583756,1.497940211273663,1.4542657361555154
1098.0,1.0558697807756434,1.3627881118675964,1.598072272729122
1099.0,1.0249141047564676,1.2229983581240198,1.3528246913761588
1100.0,0.9868581725187153,1.3146767466548313,1.3864653824438025
1101.0,0.9126211057613205,1.328894991841805,1.3205221914427165
1102.0,0.9710317742251958,1.3095010728309358,1.3543256399178683
1103.0,0.9573395692027176,1.2350907984636148,1.2547782810783812
1104.0,0.9925702360543947,1.3188225069910484,1.5703599715693906
1105.0,1.04912637538882,1.2405734899325744,1.3006284373283936
1106.0,1.0600619231259278,1.2342193582776972,1.495810193430642
1107.0,1.0896821035205848,1.2839552052440912,1.4515652436096278
1108.0,0.9764662106748921,1.4226791616833103,1.4652428510791402
1109.0,0.9811697257424637,1.2104956654261798,1.2994918134944649
1110.0,1.016186907140524,1.4435334887848286,1.5783614978839566
1111.0,0.9030521083141453,1.4600571484615554,1.6021863592707257
1112.0,1.0183594666376758,1.371085277504093,1.6597459847413454
1113.0,0.9348408286753679,1.2672819347126714,1.4775092446420228
1114.0,1.0480006574688867,1.3964896112282064,1.810964870653411
1115.0,1.0682327885331118,1.2992889288962859,1.5022541317934488
1116.0,0.9934906764112355,1.3443025829172333,1.5785801274597326
1117.0,0.9967532928601188,1.345893556887492,1.557731783785874
1118.0,0.8862860610750599,1.1825094075432259,1.2673554248975203
1119.0,0.8952598836945775,1.3553387486159323,1.399191512329748
1120.0,0.9117456418733342,1.184170384444523,1.1886007871953341
1121.0,0.999834386574042,1.2291899762500305,1.2264765874237324
1122.0,1.005177039851642,1.1478561949039137,1.31284704625901
1123.0,0.9341259096953487,1.380785990073268,1.5277439478587067
1124.0,0.9452867387043944,1.2854647559855727,1.348378929543085
1125.0,0.8395531497522055,1.301312182907762,1.305158286460804
1126.0,0.9066853635115599,1.2161731635742155,1.255802254383731
1127.0,0.9765837956198337,1.3557338095023208,1.3866542834011608
1128.0,0.8969325156705683,1.162441384075339,1.2569181576720148
1129.0,0.8121825033733071,1.1807495160348136,1.313472045770118
1130.0,0.8008792124626383,1.3682321816677634,1.2613472888619124
1131.0,1.0004504612802831,1.1711235521459846,1.371494552449774
1132.0,0.9837236037225483,1.260664826333238,1.3717176535357094
1133.0,0.95521494100922,1.3883310371214486,1.3082973223679133
1134.0,0.9955783443046379,1.4537619866571716,1.4092049616918774
1135.0,0.9560557576405654,1.3274392428709056,1.3599420351863913
1136.0,0.9040826005805661,1.457985925845595,1.3880424623498735
1137.0,1.212743034832523,1.4439867370123467,1.4607729804917255
1138.0,0.8794850765425064,1.391828080944926,1.3208324522006836
1139.0,0.9146922831867645,1.207300947762879,1.1710942013390186
1140.0,0.9812772295234545,1.1807818083392372,1.335228848120965
1141.0,0.9213862351591201,1.265474072299039,1.2387278184424793
1142.0,1.083771085893906,1.2600665929276413,1.4217255041830283
1143.0,1.0254501943221659,1.1811283952880012,1.414044413674048
1144.0,0.8765651963531123,1.13294783375298,1.1380448669285477
1145.0,1.0926024920409139,1.155658577937107,1.391702748283306
1146.0,0.938758740589402,1.2756356494065628,1.2400565729975137
1147.0,0.9408032287633536,1.3638120564989484,1.346380685406476
1148.0,1.032680653594844,1.2766533266917046,1.2853901853613656
1149.0,0.9678790309078853,1.1988861112275895,1.1576545537188927
1150.0,0.8410683141297225,1.3111375199767752,1.2344574943442745
1151.0,0.9417665159030649,1.2106557483284752,1.2219460366118664
1152.0,1.0862667960117305,1.322582940895587,1.4211857416862905
1153.0,1.014885744548575,1.338725745880604,1.3036830450453882
1154.0,0.9796587360703705,1.1804282600904379,1.1559635609923067
1155.0,0.9740398842482111,1.1418659121270065,1.1216930496471404
1156.0,1.1847657014216888,1.2563248593267773,1.3340910492131017
1157.0,0.985547955516589,1.2187642286501732,1.325678964049873
1158.0,1.0983246286615835,1.2283588769819138,1.2389409009230898
1159.0,0.9397399495880702,1.3724125816474722,1.4496753973795768
1160.0,0.9185496322031608,1.2901489396621122,1.2221797771610625
1161.0,0.8653845702159906,1.1694419274676326,1.169956271798447
1162.0,0.9713785450542116,1.1617601262661326,1.2298601208964772
1163.0,1.0765938067562184,1.2746968230599238,1.352574489775917
1164.0,1.0345990683456954,1.2933009542185596,1.385487711865457
1165.0,0.8411274048409642,1.268222784284952,1.2047040325505485
1166.0,0.9828048270334739,1.3091017222256767,1.3871961117221565
1167.0,0.9647079297111408,1.3576368245945591,1.3548841248793966
1168.0,0.9204962020350594,1.3750949559474228,1.4057023985207964
1169.0,0.9467667889400245,1.2630514415400638,1.289042640856226
1170.0,0.9330621047861366,1.3709489573247886,1.3017480166562434
1171.0,1.0550439665391735,1.0809055485618162,1.3705252036355406
1172.0,1.0332709285129489,1.0988339386968804,1.133325575072016
1173.0,0.9716069364545983,1.285919382494688,1.322258496218045
1174.0,0.8128505228904773,1.1418147278467374,1.1474863031683902
1175.0,1.0194768875782325,1.4023012559049521,1.5479832262929871
1176.0,0.9502029595042238,1.441099003118618,1.5546303755654787
1177.0,1.0619798983047333,1.4347391503938518,1.4463817374614063
1178.0,0.9230328800502786,1.2853046861204176,1.2574937231789902
1179.0,0.9931380427716903,1.0828875386176045,1.1377882356845257
1180.0,0.9813926581962543,1.2946775061654112,1.2850333637025813
1181.0,1.0462025324665525,1.1658349447795389,1.2454246101599635
1182.0,0.9950208999590261,1.3015810499694596,1.4165754066929093
1183.0,0.9790535364056625,1.287158639355692,1.3764053493759776
1184.0,1.04970458192676,1.1991408691062473,1.3811756618418611
1185.0,0.9770049976940005,1.0507746510907552,1.2191961467275572
1186.0,0.9215522208951747,1.187723975652104,1.3190918758753047
1187.0,0.858769289277893,1.2058567901811352,1.242056429988462
1188.0,0.9703720628391608,1.1953141067552595,1.3661868375280468
1189.0,0.9665049330953331,1.3138314596002176,1.2849582373144468
1190.0,0.9498384039887416,1.1318042500983194,1.210593217884749
1191.0,1.0228668926044153,1.231546622490069,1.3464295100281993
1192.0,0.8711415365538039,1.35697042179672,1.3596901444571872
1193.0,0.9280292969243743,1.4553485392440244,1.5057817609789954
1194.0,0.9296543395539618,1.4413804728551036,1.4624040768307958
1195.0,1.030739672273402,1.142516955396589,1.3640854718442414
1196.0,0.9258370931275155,1.2341388834236837,1.3185769465947144
1197.0,1.053084942611682,1.5101853721710248,1.6560363745592164
1198.0,0.9628283344392615,1.4231364677928653,1.5493143620817504
1199.0,0.9513919416951346,1.2795805970412237,1.2330088565231603
1200.0,0.9854713493382566,1.3516764257927543,1.4042399803792456
1201.0,1.0152304268817236,1.365673560371964,1.3469142979950153
1202.0,1.1510004962180205,1.164861634234677,1.3663274072708558
1203.0,0.9509287982177912,1.2781684568437766,1.3766156810114634
1204.0,1.0385803428603286,1.3529401786422388,1.4522592127075622
1205.0,0.9618275412870276,1.3288962238511233,1.431040547779331
1206.0,0.9244163570770578,1.2499033397766726,1.2558488320700896
1207.0,0.9950628069708878,1.4783790506271335,1.4608606234422958
1208.0,0.9867269330486939,1.3246790300227582,1.353957015472136
1209.0,1.054076704742338,1.3249501414361273,1.262589981572768
1210.0,1.067492771427376,1.2912036090766787,1.3393287096515611
1211.0,0.977473770480695,1.3007335186438496,1.3065515443297777
1212.0,0.9438470909487355,1.1395031815060455,1.0850488715549134
1213.0,0.9663973232726305,1.2229164290374943,1.189937419060134
1214.0,1.0491699613602894,1.351923984140506,1.4666211938747502
1215.0,0.9341743908289382,1.191432764875563,1.1867292758327375
1216.0,0.9536804640894124,1.3101256121728386,1.313285279794623
1217.0,0.9036127091946486,1.3663618347556248,1.2440109420582033
1218.0,0.9144247688765827,1.3768568888968062,1.2632429987134848
1219.0,0.8913571518405817,1.413211321181066,1.402227576371509
1220.0,0.84102457950225,1.2940668907208184,1.2614411670530477
1221.0,0.991343561310172,1.298694371749606,1.253954724181367
1222.0,0.9379756527664298,1.370720933479657,1.4103916477185434
1223.0,1.0051135894384104,1.3365710278726533,1.3094291324351617
1224.0,0.9715724884237638,1.3837200886815286,1.35596478774283
1225.0,0.9415373070517126,1.3849466626169193,1.3761483883001178
1226.0,1.0041598038853403,1.324443995794541,1.31194748929392
1227.0,1.0254776918706112,1.446210327912598,1.42446371993286
1228.0,0.9609763823374685,1.2564591932667806,1.2869113015925773
1229.0,0.9566846844617886,1.3619445465572284,1.3570098059186106
1230.0,1.050623923802472,1.4007582522963038,1.4347851028359087
1231.0,0.8672684932316863,1.1730483673857879,1.1758753634863264
1232.0,0.9575483289186093,1.15670155166814,1.118548437524025
1233.0,0.9271017228786981,1.273434475257082,1.2426198393862622
1234.0,0.9684816391314844,1.35682785811966,1.3756676280937354
1235.0,0.914997653391833,1.2910478256258258,1.352670979243599
1236.0,0.9566049257253858,1.416028602937896,1.458221173202022
1237.0,0.9924522856628932,1.3410684884624948,1.5177773297265447
1238.0,0.954440319097419,1.3082900537361268,1.368338358210096
1239.0,1.0992718567551203,1.2446171345967316,1.362612404664278
1240.0,1.0075026623337335,1.366908018710937,1.3838169764984882
1241.0,0.9056592671321129,1.3669092710385737,1.3510523846408704
1242.0,0.9174410346040864,1.2727061693547703,1.3020805819762422
1243.0,1.1010221021279667,1.3132997941893698,1.3176016967598019
1244.0,0.9726225698306582,1.1806554763642632,1.2802697048362632
1245.0,1.0029586764686524,1.1580302295924374,1.1959810516318639
1246.0,0.8859792767589312,1.3226595843799442,1.2554363470956897
1247.0,0.992923486081485,1.2745906963469684,1.2779121964476652
1248.0,0.9319217727484329,1.3758367644092337,1.30612836814951
1249.0,0.9090396557413865,1.5009363060560732,1.4073064274451363
1250.0,1.0706538641065528,1.3888209088235601,1.3649698571704865
1251.0,0.8894571536425715,1.459953761511316,1.3533951795421248
1252.0,0.9465871037792523,1.2808399559399781,1.2675620558709428
1253.0,0.9330222341615061,1.3779037241584509,1.2455018769012498
1254.0,0.9261752042490073,1.4440916698649384,1.3405312387255393
1255.0,0.9546242222179685,1.386987205909977,1.2994037096793551
1256.0,1.0798440496728197,1.3833404735322359,1.2921054799813056
1257.0,0.9567846382691939,1.3998273733596236,1.3560655708530285
1258.0,0.962411749898847,1.5174745138823342,1.3875560880804354
1259.0,1.0072184629530003,1.4390277540585055,1.324527864540113
1260.0,0.9933247910680569,1.3544045085274097,1.2541228993332547
1261.0,1.0624762686181188,1.3464765067243547,1.3215464746405838
1262.0,0.9667809210538162,1.3243470327175881,1.2609191918297542
1263.0,0.9710910249797877,1.2293861050982537,1.2212870518349563
1264.0,0.9352191648081947,1.4179296636870788,1.3448821976055718
1265.0,0.9705114911827162,1.6920119172080443,1.5733973808160135
1266.0,0.9631112054235925,1.4018940733299698,1.416410940249311
1267.0,1.0572923113468704,1.4299059065219026,1.6339015040099756
1268.0,1.0374484390842849,1.3538980841953339,1.3920391597600679
1269.0,0.9063902026153259,1.2064110106410377,1.187856324747945
1270.0,0.9353416108965359,1.2270930061105385,1.2096673359454204
1271.0,0.9072964294366285,1.3166726467644947,1.284685216885358
1272.0,0.8706886863268161,1.1647326290788806,1.1709931796012083
1273.0,0.9153081976432742,1.4556961255863745,1.4083878217706896
1274.0,0.8896554587887218,1.3581865510852529,1.2427544083905446
1275.0,0.9743694708885764,1.3915042316242365,1.3879168793389751
1276.0,1.024879590944267,1.3906422268574903,1.3226309444201705
1277.0,0.953786783100742,1.2381157605636934,1.3315870434055004
1278.0,0.9270979395894132,1.3724678573855627,1.2793953066259436
1279.0,0.9978203317182465,1.3014118982953586,1.3029650862167468
1280.0,0.8854210659231578,1.1686601192481134,1.2076599873123146
1281.0,0.9059089493634561,1.341858906777468,1.3061932353809436
1282.0,1.0084397761553745,1.2358275078292378,1.389385594533416
1283.0,0.8539780716439503,1.3629020834822454,1.2157826624153618
1284.0,0.9535414513302048,1.2704168727743377,1.5238984365294836
1285.0,0.9837113946582472,1.2615776507266994,1.256472135315591
1286.0,0.9005009558931243,1.3513029451844056,1.2459020009499835
1287.0,1.064675117680973,1.3147599022963667,1.4081567870225875
1288.0,1.0054206501908678,1.409744776486939,1.3690754154741138
1289.0,0.9535409688596475,1.266883885709265,1.2438509977944856
1290.0,1.0166967576227797,1.2065271633936843,1.2409128726815435
1291.0,0.9426763937552727,1.4071029067490053,1.4232922477662298
1292.0,0.9719238262283624,1.2466727156762167,1.185486448703546
1293.0,0.9206752931281939,1.2942031354861294,1.2432404699205661
1294.0,1.0335170629059318,1.15830720994577,1.1491575077175267
1295.0,1.1268696307480495,1.2069341596906766,1.248074826709365
1296.0,1.0867608157081452,1.3202728113955091,1.368884222182655
1297.0,0.8282052665545424,1.3269691594158386,1.2004810266227064
1298.0,0.9822621567623201,1.2818814013253927,1.3201648657010407
1299.0,1.036640616898991,1.3550557502169287,1.400104797229795
1300.0,0.9840285031639957,1.2449461631633543,1.297969172303863
1301.0,1.0236079572723409,1.2920421448798207,1.3088781856695881
1302.0,0.9617965437094902,1.2208596524127566,1.19057288169657
1303.0,0.9973835371192908,1.3084883326310899,1.2753003093399877
1304.0,1.058359297335378,1.2571881879106819,1.2752628518099816
1305.0,1.1321284584860853,1.2324501531601146,1.302335734836717
1306.0,0.9647494558320595,1.1999183436327296,1.2020891512821807
1307.0,0.9535854047675438,1.2480610568223396,1.2540043918211077
1308.0,0.9825355446785387,1.2150317575967302,1.2134103168046846
1309.0,0.9308127942928065,1.2882167791938297,1.2658851771933015
1310.0,0.9627010712023736,1.4339420482746617,1.4482681125585728
1311.0,0.9383501150279661,1.3034301527097327,1.2684824712674778
1312.0,0.9366061898432165,1.2606012165598242,1.192248865712188
1313.0,0.8348634112224055,1.170671349080869,1.2547549499479187
1314.0,0.9171880162190653,1.1694784103368283,1.172257054867402
1315.0,1.0052652164960356,1.1752773743451561,1.2043979002911802
1316.0,1.044107949799886,1.16062733077669,1.2839837000225653
1317.0,0.9241225485565351,1.1074943308739293,1.2512581300963401
1318.0,1.0143760291332795,1.3171302443843291,1.2813423472250227
1319.0,0.9689548121023058,1.328294914958381,1.3504088873060391
1320.0,1.0206562922256142,1.5192921703386253,1.4550606083586708
1321.0,1.0862368004966219,1.5665686658540545,1.5902293194839843
1322.0,0.9438130229452553,1.5769161083991345,1.5008876242864577
1323.0,0.9797637893003303,1.3218988248192316,1.3968577239680757
1324.0,0.9249040648705344,1.2650102470383,1.3171273899026714
1325.0,0.9952684716849483,1.2216180053226384,1.1832569256643612
1326.0,0.9926415004907664,1.2289159971288788,1.1897850870371993
1327.0,0.9607070794761199,1.2179183017097526,1.1888205158249767
1328.0,1.004919504950735,1.374596755215733,1.4640788762125785
1329.0,0.9133564806967858,1.3975924847174122,1.4040069243091746
1330.0,1.023583289653294,1.2092725146448835,1.2306967935184876
1331.0,1.0065565424351843,1.3480288203652826,1.3251745572931353
1332.0,1.0234573864794214,1.206608155642818,1.197535534564948
1333.0,0.919049050132493,1.2461134486368586,1.2530337079634541
1334.0,1.1504262671691918,1.3523950037783978,1.357994448883977
1335.0,1.022939986094927,1.2056875761932815,1.1823280694971732
1336.0,0.8860980493821233,1.2723980667728088,1.2075310479618662
1337.0,1.0124126592567204,1.2757869923398457,1.2508155929574076
1338.0,0.8517634959901728,1.34340030026654,1.195191297772444
1339.0,0.9912442651167221,1.434102203228105,1.347325816731113
1340.0,1.0007285937528136,1.3643084846612592,1.2698207955747818
1341.0,1.0690219423224872,1.2350091015468403,1.1980155343572176
1342.0,0.9879232680818315,1.257632306489749,1.2994170738419935
1343.0,0.9403709165887959,1.4925977700081277,1.3730393320612457
1344.0,1.015200412425692,1.563759436365919,1.405994816255368
1345.0,1.047156036646547,1.5265009266384741,1.553767104758347
1346.0,0.9686046014327052,1.6658656742660147,1.5636272409966798
1347.0,1.085589700355398,1.5419868603179896,1.4873052053680336
1348.0,0.9170704928239184,1.581038375387953,1.4179828026417602
1349.0,0.8840995509353718,1.600953034267708,1.4198566278300437
1350.0,0.9477172795438121,1.5585532863269036,1.3957695296138113
1351.0,0.9673307079718083,1.4365525005822384,1.3154541838276477
1352.0,0.8739188788181969,1.1984719321924755,1.1583293851188585
1353.0,0.9869185447998831,1.218704862982282,1.1721167135342914
1354.0,0.8334742471716764,1.3113220497019764,1.214504844496276
1355.0,0.9901411340041497,1.3816870128262075,1.3135588938865965
1356.0,0.9108675773968735,1.5278766340139263,1.4608234146412797
1357.0,1.0684011545666463,1.604049371654709,1.487985181636635
1358.0,1.0967852819554529,1.4263019962250687,1.5241590577330375
1359.0,0.954658129112812,1.3598474898442707,1.2673499558567836
1360.0,0.932011558051972,1.2728635482048691,1.2456607479407484
1361.0,0.9508603507057607,1.520285225843054,1.3888349093439376
1362.0,1.002605612263224,1.4708825314186391,1.4572471328924674
1363.0,0.9636964285452275,1.4954528693182012,1.4015722623414406
1364.0,0.9691020545553175,1.4820519072810372,1.478082283893834
1365.0,1.0447896492371789,1.5121897461896496,1.6632590251050376
1366.0,0.9243692518622519,1.2814156787844948,1.3505853566015418
1367.0,0.9117898048184973,1.4949170067997215,1.4078282156229318
1368.0,0.9144034957943449,1.339583227182252,1.4377393120246869
1369.0,0.9718910623727949,1.5652569903589566,1.5051999091153698
1370.0,0.9803400605564815,1.4873940637680734,1.4777593309869306
1371.0,0.9363350712218674,1.5853050196226006,1.500532733922162
1372.0,0.9246514183389933,1.6605240421042198,1.465982933030451
1373.0,0.9657619646427209,1.5081130202772348,1.3965106249088197
1374.0,0.8549906330635799,1.2948028953003212,1.2633439405979698
1375.0,1.064417821365802,1.3025044412315052,1.2516943137338148
1376.0,1.014038055480827,1.4415748764268794,1.326471552969916
1377.0,0.9503457667511723,1.4879257072923837,1.3543559648181702
1378.0,0.9707635329775376,1.3824117487694367,1.334305450174235
1379.0,0.914543660655137,1.5274224583646117,1.3855476992916225
1380.0,0.9244951674042026,1.3287550269163502,1.2618179062763155
1381.0,0.9799576057694765,1.4090317346371504,1.3324593775162765
1382.0,0.8874958870529918,1.2954036291800433,1.272792057978546
1383.0,0.8830165422279106,1.4753216173345416,1.3598431172876722
1384.0,1.0889981361586971,1.4613871454241563,1.4717365800034323
1385.0,0.9705117702869116,1.3421233045880776,1.3159475155508962
1386.0,1.0070656246561018,1.2906631464433962,1.289990319153864
1387.0,0.9927611621437389,1.5259633259209369,1.4390555598763894
1388.0,0.9245371807523916,1.453271459817189,1.3003235680061183
1389.0,0.8986429718039797,1.3618269941063645,1.283988524480309
1390.0,0.9829305252933637,1.4898030499600257,1.384914145312467
1391.0,0.8602993496891782,1.3700657477116758,1.30105770198377
1392.0,0.8576516858667078,1.3945497308456207,1.3545713380633624
1393.0,0.8964266634740558,1.406036502179429,1.3131377463622715
1394.0,0.976825138563946,1.3191351103466404,1.3639912172361797
1395.0,0.9262941187946385,1.4945400650402356,1.4441293125034376
1396.0,1.0346487103290973,1.3004613161313894,1.2850653264524516
1397.0,0.8602640246951168,1.3790957377723727,1.2733089324203086
1398.0,0.9436924749912978,1.3849188767495995,1.282496096073662
1399.0,0.9659870635510595,1.193087265347994,1.2499163297373563
1400.0,0.8939714745110984,1.2200037023576173,1.1857671557731562
1401.0,0.976298541928625,1.4713261089563419,1.5427158646897967
1402.0,0.8716475755225706,1.3130616850611994,1.2937505514816814
1403.0,0.9044178137100531,1.5303782366125032,1.440290156089981
1404.0,0.944613376776817,1.6161358845979696,1.4902805626223643
1405.0,0.8249818159292899,1.428228151654662,1.3893252123507591
1406.0,0.9794036507636249,1.2607651906018493,1.2874780232028418
1407.0,0.8729505832385173,1.4132160527326114,1.4092937391688938
1408.0,0.887568279204712,1.2821496324212294,1.2679259498105473
1409.0,0.945719528443268,1.3424410181716089,1.328272175244071
1410.0,0.9629012705573174,1.3108673900403145,1.2662121494164809
1411.0,0.9430261638859404,1.3440863131498084,1.3342619269416083
1412.0,0.9242605131147256,1.3486017705470308,1.2927852315839097
1413.0,0.9935877278104739,1.1955353585489554,1.304026995625499
1414.0,0.93644116908113,1.2206006057562124,1.2138152683686272
1415.0,0.9763765108921594,1.3077881882235447,1.3621485600038508
1416.0,0.9918973957836633,1.113040185675929,1.2433186456720904
1417.0,0.8672309657860148,1.1867654479378367,1.3329937397267135
1418.0,1.0356192376969624,1.2538790248622198,1.4652953451067952
1419.0,0.882691653044229,1.3133531546390793,1.3265543798710926
1420.0,0.9582401731148594,1.2625292431528903,1.265233481307105
1421.0,0.896698403648809,1.2034552206113382,1.1733083521167615
1422.0,0.9094894199504153,1.2795186409855424,1.2872784700730437
1423.0,0.9316459679933033,1.2542619518860934,1.3226874393636423
1424.0,1.029295078292822,1.1739421412692854,1.2219785753821706
1425.0,0.9379531571229183,1.1389203120407119,1.3315875846632463
1426.0,0.9053660692419798,1.2768268069089075,1.2312406277006718
1427.0,0.9280801107254026,1.1863482833058014,1.2686973920012847
1428.0,0.7961578330568279,1.2155058379967365,1.0924037622877873
1429.0,0.9601140414738669,1.302462384874294,1.220179888380336
1430.0,0.9782424665207744,1.2459221347638123,1.2182983675698165
1431.0,0.9266102782448431,1.2570413469315957,1.1797941702732155
1432.0,0.9181683235988081,1.2839882342756792,1.1869596735743346
1433.0,0.9574907379173486,1.2133311636006598,1.3422174457530947
1434.0,0.9249419993858274,1.278969551766937,1.2946141973632668
1435.0,1.0070270532142442,1.1690892998052855,1.1822037126137315
1436.0,0.9790728886956119,1.332775412147447,1.313721453832201
1437.0,0.9492191120886876,1.2893251929328935,1.2413069922497015
1438.0,0.9787428157182927,1.2189157914626572,1.2588429616904553
1439.0,1.0280133056557519,1.298786973664192,1.2457676490531444
1440.0,0.9400172551197099,1.5260617601080637,1.369357750162807
1441.0,0.9835271258847246,1.406001070479103,1.32203363663482
1442.0,1.0759326808641998,1.4579960977803212,1.4072151215135955
1443.0,1.048724036659279,1.3095864862808586,1.305276701662754
1444.0,0.9136060155545893,1.3666661875741175,1.353874386038314
1445.0,0.9225616039783361,1.28217189302118,1.2257572513994563
1446.0,1.0359011528105728,1.3311430512101228,1.300295958392164
1447.0,0.940341287699749,1.281096251426742,1.1839156275327047
1448.0,0.949622489362539,1.3531230558524927,1.2921154392483103
1449.0,0.9443302733341791,1.1280091516281314,1.1775080491172722
1450.0,1.0472474146819635,1.0929467386514573,1.3089693408547725
1451.0,0.9754998594495531,1.2195070063179654,1.2935376458833392
1452.0,0.9553610157016691,1.1713135665087948,1.2913830886221873
1453.0,0.9270340336314139,1.1828239769767361,1.3344409534639128
1454.0,0.9950599254353489,1.0792891792356374,1.3074825747486756
1455.0,0.9724607975339936,1.1906475775856937,1.2958963735280402
1456.0,1.0795805937715808,1.333194807375159,1.4039996169027662
1457.0,0.9632841475821149,1.1714633862222361,1.263507377316616
1458.0,0.9622461372493996,1.0049481854051519,1.1875461192826966
1459.0,1.0457154880384172,1.051457892924826,1.172635122327948
1460.0,1.0138322357397171,1.122788326383138,1.35078753947631
1461.0,1.0194120970699516,1.1149519268134027,1.2406850375582277
1462.0,0.8090503019934996,1.0939945820602461,1.0779142549021952
1463.0,0.8706785015404043,1.0070912470342022,1.1170806938829598
1464.0,0.9513916871850652,1.2568276831388723,1.4486255719942138
1465.0,0.970075185284558,1.1153790225219251,1.1642272310732518
1466.0,0.98935204710205,1.182349626758674,1.3351221227760752
1467.0,1.0186710656713858,1.2751402682493735,1.3470914125172881
1468.0,1.0593154234984172,1.1715374166202204,1.3146520948870337
1469.0,0.9778823026133752,1.2630061232299568,1.3944345885539047
1470.0,0.9568971646742421,1.4872748396594897,1.4533839775594817
1471.0,0.9613476116249537,1.2658113832396758,1.3025292383849194
1472.0,1.0841644122377856,1.5027602946208043,1.4371754364305775
1473.0,0.9010087685090539,1.2840449990509586,1.184572439943524
1474.0,0.9656888116610547,1.2206638522811624,1.190934745887292
1475.0,0.948076449825394,1.2293451291390887,1.2261128337636447
1476.0,1.0159041354887888,1.3567162402821222,1.3517501768283664
1477.0,0.8950215950298652,1.350026223499272,1.2761794993526356
1478.0,0.9765019746275151,1.4444847028530812,1.3950816445398646
1479.0,0.9808613590938061,1.262900787512416,1.3347989256542308
1480.0,0.9084758629131675,1.2868436817226852,1.2083292455140275
1481.0,1.0209338540136494,1.192149630051211,1.3019152337494644
1482.0,0.9265677263678962,1.288283308139673,1.2769750974157392
1483.0,0.8997879387432834,1.2915297530288474,1.3528170801011703
1484.0,0.9117380714481851,1.3235987298880891,1.2393594624095727
1485.0,1.0268428466522612,1.1169342164516756,1.2899125564901839
1486.0,0.9806455921570412,1.3168194148842762,1.3588538160196109
1487.0,0.9337758484712783,1.1971073198271962,1.2046089858608129
1488.0,0.8621501295142122,1.1145899675332003,1.0869975783219445
1489.0,0.904845328220518,1.1023818630737185,1.2804878253781682
1490.0,0.9635367910912426,1.1894222890434607,1.1742266963994812
1491.0,0.8438767063462336,1.239839129663896,1.3216473755003053
1492.0,0.9322221603650771,1.2816983494329064,1.3302777874103093
1493.0,0.9636686291621713,1.134073426777596,1.3149343920734913
1494.0,1.1121010014888577,1.2925456188524787,1.5239486235385578
1495.0,1.02138367173552,1.2546979271415295,1.2186369622532418
1496.0,1.066699204093291,1.230016407885955,1.3140695635432909
1497.0,1.0845291388727467,1.220895233362627,1.3323840555427149
1498.0,0.964597196345358,1.3753021811265267,1.6224602168525097
1499.0,1.0014957636253685,1.3697187806489923,1.4855145601371693
